     6.4E-05,   0.0655276
  6.4004E-05,   0.0651256
  6.4008E-05,   0.0647236
  6.4012E-05,   0.0643216
  6.4016E-05,   0.0639196
   6.402E-05,   0.0633166
  6.4024E-05,   0.0629146
  6.4028E-05,   0.0627136
  6.4032E-05,   0.0621106
  6.4036E-05,   0.0617085
   6.404E-05,   0.0613065
  6.4044E-05,   0.0611055
  6.4048E-05,   0.0605025
  6.4052E-05,   0.0601005
  6.4056E-05,   0.0598995
   6.406E-05,   0.0592965
  6.4064E-05,   0.0588945
  6.4068E-05,   0.0584925
  6.4072E-05,   0.0580905
  6.4076E-05,   0.0578894
   6.408E-05,   0.0572864
  6.4084E-05,   0.0568844
  6.4088E-05,   0.0564824
  6.4092E-05,   0.0560804
  6.4096E-05,   0.0556784
    6.41E-05,   0.0554774
  6.4104E-05,   0.0548744
  6.4108E-05,   0.0544724
  6.4112E-05,   0.0540703
  6.4116E-05,   0.0538693
   6.412E-05,   0.0532663
  6.4124E-05,   0.0528643
  6.4128E-05,   0.0524623
  6.4132E-05,   0.0522613
  6.4136E-05,   0.0518593
   6.414E-05,   0.0514573
  6.4144E-05,   0.0510553
  6.4148E-05,   0.0506533
  6.4152E-05,   0.0502513
  6.4156E-05,   0.0498492
   6.416E-05,   0.0496482
  6.4164E-05,   0.0490452
  6.4168E-05,   0.0488442
  6.4172E-05,   0.0484422
  6.4176E-05,   0.0480402
   6.418E-05,   0.0476382
  6.4184E-05,   0.0472362
  6.4188E-05,   0.0468342
  6.4192E-05,   0.0466332
  6.4196E-05,   0.0464322
    6.42E-05,   0.0460301
  6.4204E-05,   0.0454271
  6.4208E-05,   0.0452261
  6.4212E-05,   0.0450251
  6.4216E-05,   0.0446231
   6.422E-05,   0.0442211
  6.4224E-05,   0.0438191
  6.4228E-05,   0.0436181
  6.4232E-05,   0.0434171
  6.4236E-05,   0.0430151
   6.424E-05,   0.0428141
  6.4244E-05,   0.0426131
  6.4248E-05,   0.0420101
  6.4252E-05,    0.041809
  6.4256E-05,    0.041809
   6.426E-05,    0.041407
  6.4264E-05,    0.041005
  6.4268E-05,    0.040804
  6.4272E-05,    0.040603
  6.4276E-05,    0.040402
   6.428E-05,        0.04
  6.4284E-05,    0.039799
  6.4288E-05,    0.039397
  6.4292E-05,    0.039196
  6.4296E-05,    0.039196
    6.43E-05,    0.038995
  6.4304E-05,    0.038593
  6.4308E-05,    0.038593
  6.4312E-05,    0.038392
  6.4316E-05,   0.0379899
   6.432E-05,   0.0377889
  6.4324E-05,   0.0375879
  6.4328E-05,   0.0373869
  6.4332E-05,   0.0373869
  6.4336E-05,   0.0371859
   6.434E-05,   0.0369849
  6.4344E-05,   0.0365829
  6.4348E-05,   0.0365829
  6.4352E-05,   0.0365829
  6.4356E-05,   0.0361809
   6.436E-05,   0.0359799
  6.4364E-05,   0.0357789
  6.4368E-05,   0.0355779
  6.4372E-05,   0.0355779
  6.4376E-05,   0.0355779
   6.438E-05,   0.0353769
  6.4384E-05,   0.0351759
  6.4388E-05,   0.0349749
  6.4392E-05,   0.0349749
  6.4396E-05,   0.0349749
    6.44E-05,   0.0347739
  6.4404E-05,   0.0347739
  6.4408E-05,   0.0345729
  6.4412E-05,   0.0345729
  6.4416E-05,   0.0345729
   6.442E-05,   0.0345729
  6.4424E-05,   0.0345729
  6.4428E-05,   0.0343719
  6.4432E-05,   0.0343719
  6.4436E-05,   0.0343719
   6.444E-05,   0.0343719
  6.4444E-05,   0.0343719
  6.4448E-05,   0.0343719
  6.4452E-05,   0.0341709
  6.4456E-05,   0.0343719
   6.446E-05,   0.0343719
  6.4464E-05,   0.0341709
  6.4468E-05,   0.0343719
  6.4472E-05,   0.0343719
  6.4476E-05,   0.0343719
   6.448E-05,   0.0343719
  6.4484E-05,   0.0343719
  6.4488E-05,   0.0345729
  6.4492E-05,   0.0345729
  6.4496E-05,   0.0345729
    6.45E-05,   0.0347739
  6.4504E-05,   0.0347739
  6.4508E-05,   0.0349749
  6.4512E-05,   0.0349749
  6.4516E-05,   0.0349749
   6.452E-05,   0.0353769
  6.4524E-05,   0.0353769
  6.4528E-05,   0.0355779
  6.4532E-05,   0.0355779
  6.4536E-05,   0.0355779
   6.454E-05,   0.0357789
  6.4544E-05,   0.0359799
  6.4548E-05,   0.0361809
  6.4552E-05,   0.0361809
  6.4556E-05,   0.0363819
   6.456E-05,   0.0365829
  6.4564E-05,   0.0367839
  6.4568E-05,   0.0369849
  6.4572E-05,   0.0371859
  6.4576E-05,   0.0373869
   6.458E-05,   0.0375879
  6.4584E-05,   0.0377889
  6.4588E-05,   0.0379899
  6.4592E-05,    0.038191
  6.4596E-05,    0.038392
    6.46E-05,    0.038593
  6.4604E-05,    0.038995
  6.4608E-05,    0.039196
  6.4612E-05,    0.039397
  6.4616E-05,    0.039598
   6.462E-05,        0.04
  6.4624E-05,    0.040201
  6.4628E-05,    0.040402
  6.4632E-05,    0.040804
  6.4636E-05,    0.040804
   6.464E-05,    0.041206
  6.4644E-05,    0.041608
  6.4648E-05,   0.0420101
  6.4652E-05,   0.0422111
  6.4656E-05,   0.0424121
   6.466E-05,   0.0428141
  6.4664E-05,   0.0430151
  6.4668E-05,   0.0434171
  6.4672E-05,   0.0436181
  6.4676E-05,   0.0440201
   6.468E-05,   0.0444221
  6.4684E-05,   0.0448241
  6.4688E-05,   0.0452261
  6.4692E-05,   0.0456281
  6.4696E-05,   0.0460301
    6.47E-05,   0.0462312
  6.4704E-05,   0.0466332
  6.4708E-05,   0.0472362
  6.4712E-05,   0.0476382
  6.4716E-05,   0.0478392
   6.472E-05,   0.0482412
  6.4724E-05,   0.0488442
  6.4728E-05,   0.0490452
  6.4732E-05,   0.0494472
  6.4736E-05,   0.0498492
   6.474E-05,   0.0502513
  6.4744E-05,   0.0508543
  6.4748E-05,   0.0512563
  6.4752E-05,   0.0516583
  6.4756E-05,   0.0520603
   6.476E-05,   0.0524623
  6.4764E-05,   0.0530653
  6.4768E-05,   0.0534673
  6.4772E-05,   0.0538693
  6.4776E-05,   0.0542714
   6.478E-05,   0.0546734
  6.4784E-05,   0.0550754
  6.4788E-05,   0.0554774
  6.4792E-05,   0.0560804
  6.4796E-05,   0.0566834
    6.48E-05,   0.0570854
  6.4804E-05,   0.0574874
  6.4808E-05,   0.0580905
  6.4812E-05,   0.0582915
  6.4816E-05,   0.0588945
   6.482E-05,   0.0594975
  6.4824E-05,   0.0598995
  6.4828E-05,   0.0603015
  6.4832E-05,   0.0607035
  6.4836E-05,   0.0613065
   6.484E-05,   0.0617085
  6.4844E-05,   0.0621106
  6.4848E-05,   0.0627136
  6.4852E-05,   0.0633166
  6.4856E-05,   0.0639196
   6.486E-05,   0.0643216
  6.4864E-05,   0.0647236
  6.4868E-05,   0.0653266
  6.4872E-05,   0.0659297
  6.4876E-05,   0.0663317
   6.488E-05,   0.0669347
  6.4884E-05,   0.0675377
  6.4888E-05,   0.0679397
  6.4892E-05,   0.0685427
  6.4896E-05,   0.0689447
    6.49E-05,   0.0695477
  6.4904E-05,   0.0701508
  6.4908E-05,   0.0705528
  6.4912E-05,   0.0711558
  6.4916E-05,   0.0715578
   6.492E-05,   0.0721608
  6.4924E-05,   0.0725628
  6.4928E-05,   0.0731658
  6.4932E-05,   0.0737688
  6.4936E-05,   0.0741709
   6.494E-05,   0.0745729
  6.4944E-05,   0.0751759
  6.4948E-05,   0.0757789
  6.4952E-05,   0.0763819
  6.4956E-05,   0.0767839
   6.496E-05,   0.0773869
  6.4964E-05,   0.0777889
  6.4968E-05,    0.078392
  6.4972E-05,    0.078995
  6.4976E-05,    0.079397
   6.498E-05,        0.08
  6.4984E-05,    0.080402
  6.4988E-05,    0.081206
  6.4992E-05,    0.081608
  6.4996E-05,     0.08201
     6.5E-05,   0.0826131
  6.5004E-05,   0.0832161
  6.5008E-05,   0.0838191
  6.5012E-05,   0.0842211
  6.5016E-05,   0.0848241
   6.502E-05,   0.0852261
  6.5024E-05,   0.0856281
  6.5028E-05,   0.0862312
  6.5032E-05,   0.0868342
  6.5036E-05,   0.0872362
   6.504E-05,   0.0876382
  6.5044E-05,   0.0882412
  6.5048E-05,   0.0886432
  6.5052E-05,   0.0892462
  6.5056E-05,   0.0896482
   6.506E-05,   0.0900503
  6.5064E-05,   0.0904523
  6.5068E-05,   0.0910553
  6.5072E-05,   0.0916583
  6.5076E-05,   0.0920603
   6.508E-05,   0.0924623
  6.5084E-05,   0.0930653
  6.5088E-05,   0.0934673
  6.5092E-05,   0.0938693
  6.5096E-05,   0.0944724
    6.51E-05,   0.0948744
  6.5104E-05,   0.0952764
  6.5108E-05,   0.0958794
  6.5112E-05,   0.0962814
  6.5116E-05,   0.0966834
   6.512E-05,   0.0970854
  6.5124E-05,   0.0974874
  6.5128E-05,   0.0978894
  6.5132E-05,   0.0984925
  6.5136E-05,   0.0988945
   6.514E-05,   0.0992965
  6.5144E-05,   0.0996985
  6.5148E-05,    0.100101
  6.5152E-05,    0.100503
  6.5156E-05,    0.100905
   6.516E-05,    0.101508
  6.5164E-05,     0.10191
  6.5168E-05,    0.102111
  6.5172E-05,    0.102714
  6.5176E-05,    0.103116
   6.518E-05,    0.103317
  6.5184E-05,    0.103719
  6.5188E-05,    0.104121
  6.5192E-05,    0.104523
  6.5196E-05,    0.104925
    6.52E-05,    0.105327
  6.5204E-05,    0.105528
  6.5208E-05,     0.10593
  6.5212E-05,    0.106131
  6.5216E-05,    0.106533
   6.522E-05,    0.106734
  6.5224E-05,    0.107136
  6.5228E-05,    0.107538
  6.5232E-05,    0.107739
  6.5236E-05,    0.108141
   6.524E-05,    0.108543
  6.5244E-05,    0.108744
  6.5248E-05,    0.109146
  6.5252E-05,    0.109347
  6.5256E-05,    0.109548
   6.526E-05,     0.10995
  6.5264E-05,    0.110151
  6.5268E-05,    0.110352
  6.5272E-05,    0.110754
  6.5276E-05,    0.110955
   6.528E-05,    0.111357
  6.5284E-05,    0.111357
  6.5288E-05,    0.111558
  6.5292E-05,     0.11196
  6.5296E-05,    0.112161
    6.53E-05,    0.112362
  6.5304E-05,    0.112563
  6.5308E-05,    0.112764
  6.5312E-05,    0.112965
  6.5316E-05,    0.113166
   6.532E-05,    0.113367
  6.5324E-05,    0.113568
  6.5328E-05,    0.113568
  6.5332E-05,    0.113769
  6.5336E-05,     0.11397
   6.534E-05,     0.11397
  6.5344E-05,    0.114171
  6.5348E-05,    0.114372
  6.5352E-05,    0.114372
  6.5356E-05,    0.114372
   6.536E-05,    0.114573
  6.5364E-05,    0.114774
  6.5368E-05,    0.114975
  6.5372E-05,    0.114774
  6.5376E-05,    0.114975
   6.538E-05,    0.115176
  6.5384E-05,    0.115176
  6.5388E-05,    0.115176
  6.5392E-05,    0.115176
  6.5396E-05,    0.115377
    6.54E-05,    0.115377
  6.5404E-05,    0.115176
  6.5408E-05,    0.115377
  6.5412E-05,    0.115377
  6.5416E-05,    0.115377
   6.542E-05,    0.115377
  6.5424E-05,    0.115377
  6.5428E-05,    0.115377
  6.5432E-05,    0.115377
  6.5436E-05,    0.115377
   6.544E-05,    0.115377
  6.5444E-05,    0.115377
  6.5448E-05,    0.115377
  6.5452E-05,    0.115377
  6.5456E-05,    0.115176
   6.546E-05,    0.115176
  6.5464E-05,    0.114975
  6.5468E-05,    0.114975
  6.5472E-05,    0.114975
  6.5476E-05,    0.114774
   6.548E-05,    0.114774
  6.5484E-05,    0.114573
  6.5488E-05,    0.114372
  6.5492E-05,    0.114372
  6.5496E-05,    0.114171
    6.55E-05,     0.11397
  6.5504E-05,     0.11397
  6.5508E-05,    0.113769
  6.5512E-05,    0.113568
  6.5516E-05,    0.113367
   6.552E-05,    0.113166
  6.5524E-05,    0.113166
  6.5528E-05,    0.112764
  6.5532E-05,    0.112563
  6.5536E-05,    0.112362
   6.554E-05,    0.112161
  6.5544E-05,     0.11196
  6.5548E-05,    0.111759
  6.5552E-05,    0.111558
  6.5556E-05,    0.111357
   6.556E-05,    0.110955
  6.5564E-05,    0.110754
  6.5568E-05,    0.110553
  6.5572E-05,    0.110151
  6.5576E-05,     0.10995
   6.558E-05,    0.109548
  6.5584E-05,    0.109347
  6.5588E-05,    0.108945
  6.5592E-05,    0.108744
  6.5596E-05,    0.108342
    6.56E-05,    0.108141
  6.5604E-05,     0.10794
  6.5608E-05,    0.107538
  6.5612E-05,    0.107136
  6.5616E-05,    0.106734
   6.562E-05,    0.106533
  6.5624E-05,    0.106131
  6.5628E-05,    0.105729
  6.5632E-05,    0.105528
  6.5636E-05,    0.104925
   6.564E-05,    0.104523
  6.5644E-05,    0.104121
  6.5648E-05,    0.103719
  6.5652E-05,    0.103317
  6.5656E-05,    0.102915
   6.566E-05,    0.102513
  6.5664E-05,    0.102111
  6.5668E-05,    0.101709
  6.5672E-05,    0.101307
  6.5676E-05,    0.100704
   6.568E-05,    0.100302
  6.5684E-05,   0.0998995
  6.5688E-05,   0.0992965
  6.5692E-05,   0.0988945
  6.5696E-05,   0.0982915
    6.57E-05,   0.0978894
  6.5704E-05,   0.0974874
  6.5708E-05,   0.0970854
  6.5712E-05,   0.0964824
  6.5716E-05,   0.0960804
   6.572E-05,   0.0954774
  6.5724E-05,   0.0950754
  6.5728E-05,   0.0944724
  6.5732E-05,   0.0940704
  6.5736E-05,   0.0934673
   6.574E-05,   0.0928643
  6.5744E-05,   0.0922613
  6.5748E-05,   0.0918593
  6.5752E-05,   0.0912563
  6.5756E-05,   0.0906533
   6.576E-05,   0.0902513
  6.5764E-05,   0.0896482
  6.5768E-05,   0.0890452
  6.5772E-05,   0.0886432
  6.5776E-05,   0.0880402
   6.578E-05,   0.0874372
  6.5784E-05,   0.0868342
  6.5788E-05,   0.0862312
  6.5792E-05,   0.0856281
  6.5796E-05,   0.0850251
    6.58E-05,   0.0846231
  6.5804E-05,   0.0838191
  6.5808E-05,   0.0832161
  6.5812E-05,   0.0826131
  6.5816E-05,     0.08201
   6.582E-05,    0.081407
  6.5824E-05,    0.080804
  6.5828E-05,    0.080201
  6.5832E-05,    0.079397
  6.5836E-05,    0.078794
   6.584E-05,    0.078191
  6.5844E-05,   0.0775879
  6.5848E-05,   0.0769849
  6.5852E-05,   0.0761809
  6.5856E-05,   0.0755779
   6.586E-05,   0.0749749
  6.5864E-05,   0.0743719
  6.5868E-05,   0.0735678
  6.5872E-05,   0.0729648
  6.5876E-05,   0.0721608
   6.588E-05,   0.0715578
  6.5884E-05,   0.0707538
  6.5888E-05,   0.0701508
  6.5892E-05,   0.0695477
  6.5896E-05,   0.0687437
    6.59E-05,   0.0679397
  6.5904E-05,   0.0673367
  6.5908E-05,   0.0665327
  6.5912E-05,   0.0657286
  6.5916E-05,   0.0651256
   6.592E-05,   0.0645226
  6.5924E-05,   0.0639196
  6.5928E-05,   0.0629146
  6.5932E-05,   0.0621106
  6.5936E-05,   0.0615075
   6.594E-05,   0.0609045
  6.5944E-05,   0.0601005
  6.5948E-05,   0.0592965
  6.5952E-05,   0.0584925
  6.5956E-05,   0.0578894
   6.596E-05,   0.0570854
  6.5964E-05,   0.0562814
  6.5968E-05,   0.0556784
  6.5972E-05,   0.0548744
  6.5976E-05,   0.0540703
   6.598E-05,   0.0534673
  6.5984E-05,   0.0528643
  6.5988E-05,   0.0520603
  6.5992E-05,   0.0512563
  6.5996E-05,   0.0504523
     6.6E-05,   0.0498492
  6.6004E-05,   0.0488442
  6.6008E-05,   0.0482412
  6.6012E-05,   0.0476382
  6.6016E-05,   0.0466332
   6.602E-05,   0.0458291
  6.6024E-05,   0.0452261
  6.6028E-05,   0.0444221
  6.6032E-05,   0.0436181
  6.6036E-05,   0.0428141
   6.604E-05,   0.0420101
  6.6044E-05,    0.041206
  6.6048E-05,    0.040402
  6.6052E-05,    0.039598
  6.6056E-05,    0.038794
   6.606E-05,    0.038191
  6.6064E-05,   0.0373869
  6.6068E-05,   0.0365829
  6.6072E-05,   0.0357789
  6.6076E-05,   0.0349749
   6.608E-05,   0.0341709
  6.6084E-05,   0.0335678
  6.6088E-05,   0.0327638
  6.6092E-05,   0.0317588
  6.6096E-05,   0.0311558
    6.61E-05,   0.0303518
  6.6104E-05,   0.0295477
  6.6108E-05,   0.0287437
  6.6112E-05,   0.0279397
  6.6116E-05,   0.0273367
   6.612E-05,   0.0263317
  6.6124E-05,   0.0257286
  6.6128E-05,   0.0249246
  6.6132E-05,   0.0241206
  6.6136E-05,   0.0233166
   6.614E-05,   0.0225126
  6.6144E-05,   0.0219095
  6.6148E-05,   0.0209045
  6.6152E-05,   0.0201005
  6.6156E-05,   0.0194975
   6.616E-05,   0.0186935
  6.6164E-05,   0.0178894
  6.6168E-05,   0.0170854
  6.6172E-05,   0.0164824
  6.6176E-05,   0.0156784
   6.618E-05,   0.0148744
  6.6184E-05,   0.0140704
  6.6188E-05,   0.0132663
  6.6192E-05,   0.0124623
  6.6196E-05,   0.0118593
    6.62E-05,   0.0110553
  6.6204E-05,   0.0102513
  6.6208E-05,  0.00944724
  6.6212E-05,  0.00864322
  6.6216E-05,   0.0080402
   6.622E-05,  0.00723618
  6.6224E-05,  0.00643216
  6.6228E-05,  0.00562814
  6.6232E-05,  0.00502513
  6.6236E-05,  0.00422111
   6.624E-05,  0.00361809
  6.6244E-05,  0.00281407
  6.6248E-05,  0.00201005
  6.6252E-05,  0.00140704
  6.6256E-05,  0.00080402
   6.626E-05,-0.000201005
  6.6264E-05, -0.00080402
  6.6268E-05, -0.00160804
  6.6272E-05, -0.00221106
  6.6276E-05, -0.00301508
   6.628E-05, -0.00361809
  6.6284E-05, -0.00422111
  6.6288E-05, -0.00522613
  6.6292E-05, -0.00582915
  6.6296E-05, -0.00643216
    6.63E-05, -0.00723618
  6.6304E-05,  -0.0080402
  6.6308E-05, -0.00864322
  6.6312E-05, -0.00944724
  6.6316E-05,  -0.0100503
   6.632E-05,  -0.0106533
  6.6324E-05,  -0.0114573
  6.6328E-05,  -0.0122613
  6.6332E-05,  -0.0130653
  6.6336E-05,  -0.0136683
   6.634E-05,  -0.0142714
  6.6344E-05,  -0.0150754
  6.6348E-05,  -0.0156784
  6.6352E-05,  -0.0164824
  6.6356E-05,  -0.0170854
   6.636E-05,  -0.0176884
  6.6364E-05,  -0.0184925
  6.6368E-05,  -0.0190955
  6.6372E-05,  -0.0198995
  6.6376E-05,  -0.0205025
   6.638E-05,  -0.0211055
  6.6384E-05,  -0.0217085
  6.6388E-05,  -0.0225126
  6.6392E-05,  -0.0231156
  6.6396E-05,  -0.0237186
    6.64E-05,  -0.0243216
  6.6404E-05,  -0.0249246
  6.6408E-05,  -0.0255276
  6.6412E-05,  -0.0263317
  6.6416E-05,  -0.0269347
   6.642E-05,  -0.0273367
  6.6424E-05,  -0.0281407
  6.6428E-05,  -0.0289447
  6.6432E-05,  -0.0293467
  6.6436E-05,  -0.0299497
   6.644E-05,  -0.0305528
  6.6444E-05,  -0.0313568
  6.6448E-05,  -0.0317588
  6.6452E-05,  -0.0323618
  6.6456E-05,  -0.0331658
   6.646E-05,  -0.0337688
  6.6464E-05,  -0.0343719
  6.6468E-05,  -0.0347739
  6.6472E-05,  -0.0353769
  6.6476E-05,  -0.0359799
   6.648E-05,  -0.0367839
  6.6484E-05,  -0.0371859
  6.6488E-05,  -0.0377889
  6.6492E-05,   -0.038392
  6.6496E-05,   -0.038794
    6.65E-05,   -0.039397
  6.6504E-05,       -0.04
  6.6508E-05,   -0.040603
  6.6512E-05,   -0.041005
  6.6516E-05,   -0.041608
   6.652E-05,  -0.0422111
  6.6524E-05,  -0.0426131
  6.6528E-05,  -0.0432161
  6.6532E-05,  -0.0438191
  6.6536E-05,  -0.0444221
   6.654E-05,  -0.0448241
  6.6544E-05,  -0.0452261
  6.6548E-05,  -0.0458291
  6.6552E-05,  -0.0462312
  6.6556E-05,  -0.0468342
   6.656E-05,  -0.0472362
  6.6564E-05,  -0.0478392
  6.6568E-05,  -0.0480402
  6.6572E-05,  -0.0486432
  6.6576E-05,  -0.0490452
   6.658E-05,  -0.0496482
  6.6584E-05,  -0.0500503
  6.6588E-05,  -0.0504523
  6.6592E-05,  -0.0508543
  6.6596E-05,  -0.0514573
    6.66E-05,  -0.0518593
  6.6604E-05,  -0.0522613
  6.6608E-05,  -0.0526633
  6.6612E-05,  -0.0532663
  6.6616E-05,  -0.0536683
   6.662E-05,  -0.0538693
  6.6624E-05,  -0.0542714
  6.6628E-05,  -0.0548744
  6.6632E-05,  -0.0550754
  6.6636E-05,  -0.0554774
   6.664E-05,  -0.0558794
  6.6644E-05,  -0.0562814
  6.6648E-05,  -0.0566834
  6.6652E-05,  -0.0568844
  6.6656E-05,  -0.0572864
   6.666E-05,  -0.0576884
  6.6664E-05,  -0.0580905
  6.6668E-05,  -0.0582915
  6.6672E-05,  -0.0586935
  6.6676E-05,  -0.0588945
   6.668E-05,  -0.0592965
  6.6684E-05,  -0.0594975
  6.6688E-05,  -0.0598995
  6.6692E-05,  -0.0603015
  6.6696E-05,  -0.0605025
    6.67E-05,  -0.0607035
  6.6704E-05,  -0.0611055
  6.6708E-05,  -0.0615075
  6.6712E-05,  -0.0617085
  6.6716E-05,  -0.0619095
   6.672E-05,  -0.0623116
  6.6724E-05,  -0.0625126
  6.6728E-05,  -0.0627136
  6.6732E-05,  -0.0629146
  6.6736E-05,  -0.0633166
   6.674E-05,  -0.0635176
  6.6744E-05,  -0.0637186
  6.6748E-05,  -0.0639196
  6.6752E-05,  -0.0641206
  6.6756E-05,  -0.0645226
   6.676E-05,  -0.0647236
  6.6764E-05,  -0.0649246
  6.6768E-05,  -0.0651256
  6.6772E-05,  -0.0653266
  6.6776E-05,  -0.0653266
   6.678E-05,  -0.0655276
  6.6784E-05,  -0.0657286
  6.6788E-05,  -0.0659297
  6.6792E-05,  -0.0661307
  6.6796E-05,  -0.0661307
    6.68E-05,  -0.0663317
  6.6804E-05,  -0.0665327
  6.6808E-05,  -0.0667337
  6.6812E-05,  -0.0669347
  6.6816E-05,  -0.0669347
   6.682E-05,  -0.0671357
  6.6824E-05,  -0.0673367
  6.6828E-05,  -0.0675377
  6.6832E-05,  -0.0675377
  6.6836E-05,  -0.0677387
   6.684E-05,  -0.0679397
  6.6844E-05,  -0.0679397
  6.6848E-05,  -0.0679397
  6.6852E-05,  -0.0681407
  6.6856E-05,  -0.0681407
   6.686E-05,  -0.0681407
  6.6864E-05,  -0.0683417
  6.6868E-05,  -0.0685427
  6.6872E-05,  -0.0685427
  6.6876E-05,  -0.0685427
   6.688E-05,  -0.0685427
  6.6884E-05,  -0.0685427
  6.6888E-05,  -0.0687437
  6.6892E-05,  -0.0687437
  6.6896E-05,  -0.0687437
    6.69E-05,  -0.0689447
  6.6904E-05,  -0.0689447
  6.6908E-05,  -0.0687437
  6.6912E-05,  -0.0689447
  6.6916E-05,  -0.0689447
   6.692E-05,  -0.0689447
  6.6924E-05,  -0.0689447
  6.6928E-05,  -0.0689447
  6.6932E-05,  -0.0689447
  6.6936E-05,  -0.0687437
   6.694E-05,  -0.0687437
  6.6944E-05,  -0.0687437
  6.6948E-05,  -0.0687437
  6.6952E-05,  -0.0687437
  6.6956E-05,  -0.0687437
   6.696E-05,  -0.0687437
  6.6964E-05,  -0.0687437
  6.6968E-05,  -0.0687437
  6.6972E-05,  -0.0685427
  6.6976E-05,  -0.0685427
   6.698E-05,  -0.0683417
  6.6984E-05,  -0.0683417
  6.6988E-05,  -0.0683417
  6.6992E-05,  -0.0681407
  6.6996E-05,  -0.0681407
     6.7E-05,  -0.0679397
  6.7004E-05,  -0.0679397
  6.7008E-05,  -0.0677387
  6.7012E-05,  -0.0677387
  6.7016E-05,  -0.0675377
   6.702E-05,  -0.0673367
  6.7024E-05,  -0.0673367
  6.7028E-05,  -0.0673367
  6.7032E-05,  -0.0669347
  6.7036E-05,  -0.0669347
   6.704E-05,  -0.0667337
  6.7044E-05,  -0.0665327
  6.7048E-05,  -0.0663317
  6.7052E-05,  -0.0663317
  6.7056E-05,  -0.0661307
   6.706E-05,  -0.0659297
  6.7064E-05,  -0.0657286
  6.7068E-05,  -0.0655276
  6.7072E-05,  -0.0655276
  6.7076E-05,  -0.0653266
   6.708E-05,  -0.0651256
  6.7084E-05,  -0.0649246
  6.7088E-05,  -0.0647236
  6.7092E-05,  -0.0645226
  6.7096E-05,  -0.0643216
    6.71E-05,  -0.0641206
  6.7104E-05,  -0.0639196
  6.7108E-05,  -0.0637186
  6.7112E-05,  -0.0635176
  6.7116E-05,  -0.0631156
   6.712E-05,  -0.0631156
  6.7124E-05,  -0.0627136
  6.7128E-05,  -0.0625126
  6.7132E-05,  -0.0623116
  6.7136E-05,  -0.0619095
   6.714E-05,  -0.0617085
  6.7144E-05,  -0.0615075
  6.7148E-05,  -0.0613065
  6.7152E-05,  -0.0611055
  6.7156E-05,  -0.0607035
   6.716E-05,  -0.0605025
  6.7164E-05,  -0.0603015
  6.7168E-05,  -0.0601005
  6.7172E-05,  -0.0596985
  6.7176E-05,  -0.0594975
   6.718E-05,  -0.0590955
  6.7184E-05,  -0.0588945
  6.7188E-05,  -0.0586935
  6.7192E-05,  -0.0582915
  6.7196E-05,  -0.0578894
    6.72E-05,  -0.0576884
  6.7204E-05,  -0.0572864
  6.7208E-05,  -0.0568844
  6.7212E-05,  -0.0566834
  6.7216E-05,  -0.0564824
   6.722E-05,  -0.0560804
  6.7224E-05,  -0.0556784
  6.7228E-05,  -0.0554774
  6.7232E-05,  -0.0550754
  6.7236E-05,  -0.0546734
   6.724E-05,  -0.0542714
  6.7244E-05,  -0.0540703
  6.7248E-05,  -0.0536683
  6.7252E-05,  -0.0532663
  6.7256E-05,  -0.0526633
   6.726E-05,  -0.0524623
  6.7264E-05,  -0.0522613
  6.7268E-05,  -0.0516583
  6.7272E-05,  -0.0512563
  6.7276E-05,  -0.0508543
   6.728E-05,  -0.0506533
  6.7284E-05,  -0.0502513
  6.7288E-05,  -0.0496482
  6.7292E-05,  -0.0492462
  6.7296E-05,  -0.0488442
    6.73E-05,  -0.0484422
  6.7304E-05,  -0.0480402
  6.7308E-05,  -0.0478392
  6.7312E-05,  -0.0474372
  6.7316E-05,  -0.0472362
   6.732E-05,  -0.0468342
  6.7324E-05,  -0.0468342
  6.7328E-05,  -0.0466332
  6.7332E-05,  -0.0462312
  6.7336E-05,  -0.0458291
   6.734E-05,  -0.0454271
  6.7344E-05,  -0.0450251
  6.7348E-05,  -0.0442211
  6.7352E-05,  -0.0436181
  6.7356E-05,  -0.0428141
   6.736E-05,   -0.041809
  6.7364E-05,   -0.040603
  6.7368E-05,   -0.039598
  6.7372E-05,   -0.038392
  6.7376E-05,  -0.0373869
   6.738E-05,  -0.0369849
  6.7384E-05,  -0.0367839
  6.7388E-05,  -0.0367839
  6.7392E-05,  -0.0367839
  6.7396E-05,  -0.0371859
    6.74E-05,  -0.0375879
  6.7404E-05,  -0.0379899
  6.7408E-05,   -0.038191
  6.7412E-05,   -0.038392
  6.7416E-05,   -0.038593
   6.742E-05,   -0.038794
  6.7424E-05,   -0.038995
  6.7428E-05,   -0.038995
  6.7432E-05,   -0.038794
  6.7436E-05,   -0.038392
   6.744E-05,  -0.0373869
  6.7444E-05,  -0.0359799
  6.7448E-05,  -0.0341709
  6.7452E-05,  -0.0321608
  6.7456E-05,  -0.0301508
   6.746E-05,  -0.0285427
  6.7464E-05,  -0.0271357
  6.7468E-05,  -0.0263317
  6.7472E-05,  -0.0259296
  6.7476E-05,  -0.0259296
   6.748E-05,  -0.0255276
  6.7484E-05,  -0.0253266
  6.7488E-05,  -0.0249246
  6.7492E-05,  -0.0243216
  6.7496E-05,  -0.0239196
    6.75E-05,  -0.0237186
  6.7504E-05,  -0.0237186
  6.7508E-05,  -0.0237186
  6.7512E-05,  -0.0237186
  6.7516E-05,  -0.0237186
   6.752E-05,  -0.0233166
  6.7524E-05,  -0.0225126
  6.7528E-05,  -0.0217085
  6.7532E-05,  -0.0207035
  6.7536E-05,  -0.0196985
   6.754E-05,  -0.0190955
  6.7544E-05,  -0.0184925
  6.7548E-05,  -0.0178894
  6.7552E-05,  -0.0176884
  6.7556E-05,  -0.0172864
   6.756E-05,  -0.0166834
  6.7564E-05,  -0.0160804
  6.7568E-05,  -0.0152764
  6.7572E-05,  -0.0140704
  6.7576E-05,  -0.0128643
   6.758E-05,  -0.0116583
  6.7584E-05,  -0.0102513
  6.7588E-05, -0.00904523
  6.7592E-05,  -0.0078392
  6.7596E-05, -0.00703518
    6.76E-05, -0.00643216
  6.7604E-05, -0.00603015
  6.7608E-05, -0.00582915
  6.7612E-05, -0.00603015
  6.7616E-05, -0.00623116
   6.762E-05, -0.00663317
  6.7624E-05, -0.00663317
  6.7628E-05, -0.00683417
  6.7632E-05, -0.00683417
  6.7636E-05, -0.00663317
   6.764E-05, -0.00623116
  6.7644E-05, -0.00562814
  6.7648E-05, -0.00482412
  6.7652E-05,  -0.0038191
  6.7656E-05, -0.00281407
   6.766E-05, -0.00180905
  6.7664E-05,-0.000603015
  6.7668E-05,  0.00040201
  6.7672E-05,  0.00120603
  6.7676E-05,  0.00221106
   6.768E-05,  0.00281407
  6.7684E-05,  0.00321608
  6.7688E-05,  0.00341709
  6.7692E-05,   0.0038191
  6.7696E-05,   0.0040201
    6.77E-05,  0.00422111
  6.7704E-05,  0.00442211
  6.7708E-05,  0.00482412
  6.7712E-05,  0.00522613
  6.7716E-05,  0.00582915
   6.772E-05,  0.00663317
  6.7724E-05,  0.00743719
  6.7728E-05,  0.00824121
  6.7732E-05,  0.00884422
  6.7736E-05,  0.00964824
   6.774E-05,   0.0104523
  6.7744E-05,   0.0110553
  6.7748E-05,   0.0116583
  6.7752E-05,   0.0124623
  6.7756E-05,   0.0130653
   6.776E-05,   0.0138693
  6.7764E-05,   0.0148744
  6.7768E-05,   0.0156784
  6.7772E-05,   0.0166834
  6.7776E-05,   0.0178894
   6.778E-05,   0.0188945
  6.7784E-05,   0.0198995
  6.7788E-05,   0.0207035
  6.7792E-05,   0.0217085
  6.7796E-05,   0.0225126
    6.78E-05,   0.0231156
  6.7804E-05,   0.0237186
  6.7808E-05,   0.0243216
  6.7812E-05,   0.0249246
  6.7816E-05,   0.0253266
   6.782E-05,   0.0259296
  6.7824E-05,   0.0261307
  6.7828E-05,   0.0263317
  6.7832E-05,   0.0265327
  6.7836E-05,   0.0269347
   6.784E-05,   0.0271357
  6.7844E-05,   0.0273367
  6.7848E-05,   0.0277387
  6.7852E-05,   0.0281407
  6.7856E-05,   0.0285427
   6.786E-05,   0.0291457
  6.7864E-05,   0.0295477
  6.7868E-05,   0.0301508
  6.7872E-05,   0.0305528
  6.7876E-05,   0.0311558
   6.788E-05,   0.0319598
  6.7884E-05,   0.0323618
  6.7888E-05,   0.0329648
  6.7892E-05,   0.0335678
  6.7896E-05,   0.0343719
    6.79E-05,   0.0349749
  6.7904E-05,   0.0355779
  6.7908E-05,   0.0361809
  6.7912E-05,   0.0367839
  6.7916E-05,   0.0375879
   6.792E-05,    0.038191
  6.7924E-05,    0.038794
  6.7928E-05,    0.039598
  6.7932E-05,    0.040201
  6.7936E-05,    0.041005
   6.794E-05,   0.0420101
  6.7944E-05,   0.0430151
  6.7948E-05,   0.0438191
  6.7952E-05,   0.0448241
  6.7956E-05,   0.0458291
   6.796E-05,   0.0468342
  6.7964E-05,   0.0478392
  6.7968E-05,   0.0486432
  6.7972E-05,   0.0494472
  6.7976E-05,   0.0502513
   6.798E-05,   0.0508543
  6.7984E-05,   0.0516583
  6.7988E-05,   0.0522613
  6.7992E-05,   0.0526633
  6.7996E-05,   0.0532663
     6.8E-05,   0.0538693
  6.8004E-05,   0.0544724
  6.8008E-05,   0.0548744
  6.8012E-05,   0.0554774
  6.8016E-05,   0.0560804
   6.802E-05,   0.0566834
  6.8024E-05,   0.0574874
  6.8028E-05,   0.0580905
  6.8032E-05,   0.0586935
  6.8036E-05,   0.0588945
   6.804E-05,   0.0594975
  6.8044E-05,   0.0601005
  6.8048E-05,   0.0603015
  6.8052E-05,   0.0605025
  6.8056E-05,   0.0609045
   6.806E-05,   0.0613065
  6.8064E-05,   0.0613065
  6.8068E-05,   0.0617085
  6.8072E-05,   0.0619095
  6.8076E-05,   0.0623116
   6.808E-05,   0.0627136
  6.8084E-05,   0.0631156
  6.8088E-05,   0.0637186
  6.8092E-05,   0.0643216
  6.8096E-05,   0.0651256
    6.81E-05,   0.0657286
  6.8104E-05,   0.0665327
  6.8108E-05,   0.0671357
  6.8112E-05,   0.0679397
  6.8116E-05,   0.0687437
   6.812E-05,   0.0693467
  6.8124E-05,   0.0699497
  6.8128E-05,   0.0705528
  6.8132E-05,   0.0709548
  6.8136E-05,   0.0715578
   6.814E-05,   0.0721608
  6.8144E-05,   0.0725628
  6.8148E-05,   0.0729648
  6.8152E-05,   0.0735678
  6.8156E-05,   0.0741709
   6.816E-05,   0.0749749
  6.8164E-05,   0.0755779
  6.8168E-05,   0.0763819
  6.8172E-05,   0.0771859
  6.8176E-05,   0.0777889
   6.818E-05,    0.078392
  6.8184E-05,    0.079196
  6.8188E-05,    0.079799
  6.8192E-05,    0.080402
  6.8196E-05,    0.081005
    6.82E-05,    0.081407
  6.8204E-05,    0.081809
  6.8208E-05,   0.0822111
  6.8212E-05,   0.0826131
  6.8216E-05,   0.0830151
   6.822E-05,   0.0834171
  6.8224E-05,   0.0836181
  6.8228E-05,   0.0842211
  6.8232E-05,   0.0846231
  6.8236E-05,   0.0850251
   6.824E-05,   0.0854271
  6.8244E-05,   0.0858291
  6.8248E-05,   0.0864322
  6.8252E-05,   0.0870352
  6.8256E-05,   0.0874372
   6.826E-05,   0.0878392
  6.8264E-05,   0.0882412
  6.8268E-05,   0.0886432
  6.8272E-05,   0.0890452
  6.8276E-05,   0.0892462
   6.828E-05,   0.0894472
  6.8284E-05,   0.0898492
  6.8288E-05,   0.0900503
  6.8292E-05,   0.0904523
  6.8296E-05,   0.0906533
    6.83E-05,   0.0908543
  6.8304E-05,   0.0912563
  6.8308E-05,   0.0916583
  6.8312E-05,   0.0922613
  6.8316E-05,   0.0924623
   6.832E-05,   0.0926633
  6.8324E-05,   0.0932663
  6.8328E-05,   0.0938693
  6.8332E-05,   0.0942714
  6.8336E-05,   0.0946734
   6.834E-05,   0.0948744
  6.8344E-05,   0.0954774
  6.8348E-05,   0.0956784
  6.8352E-05,   0.0962814
  6.8356E-05,   0.0964824
   6.836E-05,   0.0966834
  6.8364E-05,   0.0968844
  6.8368E-05,   0.0972864
  6.8372E-05,   0.0974874
  6.8376E-05,   0.0978894
   6.838E-05,   0.0980905
  6.8384E-05,   0.0980905
  6.8388E-05,   0.0984925
  6.8392E-05,   0.0988945
  6.8396E-05,   0.0992965
    6.84E-05,   0.0994975
  6.8404E-05,   0.0998995
  6.8408E-05,    0.100302
  6.8412E-05,    0.100503
  6.8416E-05,    0.100905
   6.842E-05,    0.101307
  6.8424E-05,    0.101508
  6.8428E-05,    0.101709
  6.8432E-05,     0.10191
  6.8436E-05,    0.102111
   6.844E-05,    0.102312
  6.8444E-05,    0.102513
  6.8448E-05,    0.102714
  6.8452E-05,    0.102915
  6.8456E-05,    0.103116
   6.846E-05,    0.103518
  6.8464E-05,    0.103518
  6.8468E-05,    0.103719
  6.8472E-05,     0.10392
  6.8476E-05,    0.104322
   6.848E-05,    0.104523
  6.8484E-05,    0.104523
  6.8488E-05,    0.104724
  6.8492E-05,    0.105126
  6.8496E-05,    0.105126
    6.85E-05,    0.105327
  6.8504E-05,    0.105327
  6.8508E-05,    0.105528
  6.8512E-05,    0.105528
  6.8516E-05,    0.105528
   6.852E-05,    0.105729
  6.8524E-05,    0.105528
  6.8528E-05,    0.105528
  6.8532E-05,    0.105729
  6.8536E-05,    0.105729
   6.854E-05,    0.105729
  6.8544E-05,     0.10593
  6.8548E-05,    0.106131
  6.8552E-05,    0.106332
  6.8556E-05,    0.106332
   6.856E-05,    0.106332
  6.8564E-05,    0.106734
  6.8568E-05,    0.106734
  6.8572E-05,    0.106734
  6.8576E-05,    0.106734
   6.858E-05,    0.106734
  6.8584E-05,    0.106734
  6.8588E-05,    0.106935
  6.8592E-05,    0.106935
  6.8596E-05,    0.106734
    6.86E-05,    0.106734
  6.8604E-05,    0.106935
  6.8608E-05,    0.106935
  6.8612E-05,    0.107136
  6.8616E-05,    0.107136
   6.862E-05,    0.107136
  6.8624E-05,    0.107136
  6.8628E-05,    0.107337
  6.8632E-05,    0.107337
  6.8636E-05,    0.107337
   6.864E-05,    0.107337
  6.8644E-05,    0.107337
  6.8648E-05,    0.107337
  6.8652E-05,    0.107337
  6.8656E-05,    0.107337
   6.866E-05,    0.107136
  6.8664E-05,    0.107136
  6.8668E-05,    0.107136
  6.8672E-05,    0.106935
  6.8676E-05,    0.106734
   6.868E-05,    0.106734
  6.8684E-05,    0.106533
  6.8688E-05,    0.106533
  6.8692E-05,    0.106332
  6.8696E-05,    0.106332
    6.87E-05,    0.106131
  6.8704E-05,     0.10593
  6.8708E-05,    0.105729
  6.8712E-05,    0.105729
  6.8716E-05,    0.105528
   6.872E-05,    0.105327
  6.8724E-05,    0.105126
  6.8728E-05,    0.105126
  6.8732E-05,    0.104724
  6.8736E-05,    0.104724
   6.874E-05,    0.104724
  6.8744E-05,    0.104322
  6.8748E-05,    0.104121
  6.8752E-05,    0.104121
  6.8756E-05,     0.10392
   6.876E-05,    0.103719
  6.8764E-05,    0.103518
  6.8768E-05,    0.103317
  6.8772E-05,    0.103116
  6.8776E-05,    0.102915
   6.878E-05,    0.102714
  6.8784E-05,    0.102513
  6.8788E-05,    0.102312
  6.8792E-05,    0.102111
  6.8796E-05,     0.10191
    6.88E-05,    0.101709
  6.8804E-05,    0.101508
  6.8808E-05,    0.101307
  6.8812E-05,    0.101106
  6.8816E-05,    0.100905
   6.882E-05,    0.100905
  6.8824E-05,    0.100503
  6.8828E-05,    0.100101
  6.8832E-05,    0.100101
  6.8836E-05,   0.0998995
   6.884E-05,   0.0996985
  6.8844E-05,   0.0992965
  6.8848E-05,   0.0990955
  6.8852E-05,   0.0988945
  6.8856E-05,   0.0986935
   6.886E-05,   0.0984925
  6.8864E-05,   0.0980905
  6.8868E-05,   0.0976884
  6.8872E-05,   0.0974874
  6.8876E-05,   0.0972864
   6.888E-05,   0.0968844
  6.8884E-05,   0.0966834
  6.8888E-05,   0.0962814
  6.8892E-05,   0.0960804
  6.8896E-05,   0.0956784
    6.89E-05,   0.0952764
  6.8904E-05,   0.0950754
  6.8908E-05,   0.0946734
  6.8912E-05,   0.0942714
  6.8916E-05,   0.0938693
   6.892E-05,   0.0936683
  6.8924E-05,   0.0932663
  6.8928E-05,   0.0928643
  6.8932E-05,   0.0924623
  6.8936E-05,   0.0920603
   6.894E-05,   0.0916583
  6.8944E-05,   0.0912563
  6.8948E-05,   0.0908543
  6.8952E-05,   0.0904523
  6.8956E-05,   0.0900503
   6.896E-05,   0.0896482
  6.8964E-05,   0.0894472
  6.8968E-05,   0.0890452
  6.8972E-05,   0.0886432
  6.8976E-05,   0.0882412
   6.898E-05,   0.0878392
  6.8984E-05,   0.0876382
  6.8988E-05,   0.0872362
  6.8992E-05,   0.0866332
  6.8996E-05,   0.0864322
     6.9E-05,   0.0860301
  6.9004E-05,   0.0856281
  6.9008E-05,   0.0852261
  6.9012E-05,   0.0848241
  6.9016E-05,   0.0844221
   6.902E-05,   0.0840201
  6.9024E-05,   0.0836181
  6.9028E-05,   0.0832161
  6.9032E-05,   0.0828141
  6.9036E-05,   0.0824121
   6.904E-05,     0.08201
  6.9044E-05,    0.081809
  6.9048E-05,    0.081206
  6.9052E-05,    0.080603
  6.9056E-05,    0.080201
   6.906E-05,        0.08
  6.9064E-05,    0.079598
  6.9068E-05,    0.078995
  6.9072E-05,    0.078593
  6.9076E-05,     0.07799
   6.908E-05,   0.0775879
  6.9084E-05,   0.0771859
  6.9088E-05,   0.0767839
  6.9092E-05,   0.0763819
  6.9096E-05,   0.0759799
    6.91E-05,   0.0753769
  6.9104E-05,   0.0749749
  6.9108E-05,   0.0745729
  6.9112E-05,   0.0741709
  6.9116E-05,   0.0735678
   6.912E-05,   0.0731658
  6.9124E-05,   0.0725628
  6.9128E-05,   0.0721608
  6.9132E-05,   0.0715578
  6.9136E-05,   0.0711558
   6.914E-05,   0.0707538
  6.9144E-05,   0.0701508
  6.9148E-05,   0.0697487
  6.9152E-05,   0.0691457
  6.9156E-05,   0.0687437
   6.916E-05,   0.0681407
  6.9164E-05,   0.0677387
  6.9168E-05,   0.0671357
  6.9172E-05,   0.0667337
  6.9176E-05,   0.0661307
   6.918E-05,   0.0657286
  6.9184E-05,   0.0651256
  6.9188E-05,   0.0647236
  6.9192E-05,   0.0643216
  6.9196E-05,   0.0637186
    6.92E-05,   0.0631156
  6.9204E-05,   0.0627136
  6.9208E-05,   0.0623116
  6.9212E-05,   0.0617085
  6.9216E-05,   0.0613065
   6.922E-05,   0.0607035
  6.9224E-05,   0.0603015
  6.9228E-05,   0.0596985
  6.9232E-05,   0.0592965
  6.9236E-05,   0.0586935
   6.924E-05,   0.0582915
  6.9244E-05,   0.0576884
  6.9248E-05,   0.0572864
  6.9252E-05,   0.0566834
  6.9256E-05,   0.0560804
   6.926E-05,   0.0556784
  6.9264E-05,   0.0550754
  6.9268E-05,   0.0544724
  6.9272E-05,   0.0538693
  6.9276E-05,   0.0534673
   6.928E-05,   0.0528643
  6.9284E-05,   0.0524623
  6.9288E-05,   0.0518593
  6.9292E-05,   0.0512563
  6.9296E-05,   0.0506533
    6.93E-05,   0.0502513
  6.9304E-05,   0.0496482
  6.9308E-05,   0.0492462
  6.9312E-05,   0.0486432
  6.9316E-05,   0.0482412
   6.932E-05,   0.0476382
  6.9324E-05,   0.0470352
  6.9328E-05,   0.0466332
  6.9332E-05,   0.0460301
  6.9336E-05,   0.0454271
   6.934E-05,   0.0448241
  6.9344E-05,   0.0444221
  6.9348E-05,   0.0438191
  6.9352E-05,   0.0434171
  6.9356E-05,   0.0428141
   6.936E-05,   0.0424121
  6.9364E-05,   0.0420101
  6.9368E-05,    0.041407
  6.9372E-05,    0.040804
  6.9376E-05,    0.040402
   6.938E-05,        0.04
  6.9384E-05,    0.039397
  6.9388E-05,    0.038794
  6.9392E-05,    0.038191
  6.9396E-05,   0.0377889
    6.94E-05,   0.0371859
  6.9404E-05,   0.0365829
  6.9408E-05,   0.0361809
  6.9412E-05,   0.0357789
  6.9416E-05,   0.0349749
   6.942E-05,   0.0343719
  6.9424E-05,   0.0341709
  6.9428E-05,   0.0337688
  6.9432E-05,   0.0331658
  6.9436E-05,   0.0323618
   6.944E-05,   0.0319598
  6.9444E-05,   0.0315578
  6.9448E-05,   0.0309548
  6.9452E-05,   0.0303518
  6.9456E-05,   0.0297487
   6.946E-05,   0.0293467
  6.9464E-05,   0.0287437
  6.9468E-05,   0.0283417
  6.9472E-05,   0.0277387
  6.9476E-05,   0.0273367
   6.948E-05,   0.0267337
  6.9484E-05,   0.0261307
  6.9488E-05,   0.0257286
  6.9492E-05,   0.0251256
  6.9496E-05,   0.0245226
    6.95E-05,   0.0241206
  6.9504E-05,   0.0237186
  6.9508E-05,   0.0231156
  6.9512E-05,   0.0225126
  6.9516E-05,   0.0221106
   6.952E-05,   0.0217085
  6.9524E-05,   0.0211055
  6.9528E-05,   0.0207035
  6.9532E-05,   0.0201005
  6.9536E-05,   0.0196985
   6.954E-05,   0.0192965
  6.9544E-05,   0.0186935
  6.9548E-05,   0.0180905
  6.9552E-05,   0.0176884
  6.9556E-05,   0.0172864
   6.956E-05,   0.0166834
  6.9564E-05,   0.0162814
  6.9568E-05,   0.0158794
  6.9572E-05,   0.0152764
  6.9576E-05,   0.0148744
   6.958E-05,   0.0144724
  6.9584E-05,   0.0138693
  6.9588E-05,   0.0134673
  6.9592E-05,   0.0128643
  6.9596E-05,   0.0124623
    6.96E-05,   0.0120603
  6.9604E-05,   0.0114573
  6.9608E-05,   0.0110553
  6.9612E-05,   0.0106533
  6.9616E-05,   0.0100503
   6.962E-05,  0.00964824
  6.9624E-05,  0.00904523
  6.9628E-05,  0.00884422
  6.9632E-05,  0.00844221
  6.9636E-05,   0.0078392
   6.964E-05,  0.00743719
  6.9644E-05,  0.00703518
  6.9648E-05,  0.00663317
  6.9652E-05,  0.00603015
  6.9656E-05,  0.00562814
   6.966E-05,  0.00522613
  6.9664E-05,  0.00482412
  6.9668E-05,  0.00442211
  6.9672E-05,   0.0040201
  6.9676E-05,  0.00361809
   6.968E-05,  0.00301508
  6.9684E-05,  0.00261307
  6.9688E-05,  0.00241206
  6.9692E-05,  0.00201005
  6.9696E-05,  0.00160804
    6.97E-05,  0.00120603
  6.9704E-05,  0.00080402
  6.9708E-05, 0.000603015
  6.9712E-05,           0
  6.9716E-05, -0.00040201
   6.972E-05, -0.00080402
  6.9724E-05, -0.00100503
  6.9728E-05, -0.00140704
  6.9732E-05, -0.00180905
  6.9736E-05, -0.00221106
   6.974E-05, -0.00241206
  6.9744E-05, -0.00281407
  6.9748E-05, -0.00321608
  6.9752E-05, -0.00361809
  6.9756E-05,  -0.0040201
   6.976E-05, -0.00422111
  6.9764E-05, -0.00462312
  6.9768E-05, -0.00502513
  6.9772E-05, -0.00542714
  6.9776E-05, -0.00582915
   6.978E-05, -0.00623116
  6.9784E-05, -0.00643216
  6.9788E-05, -0.00683417
  6.9792E-05, -0.00723618
  6.9796E-05, -0.00763819
    6.98E-05,  -0.0078392
  6.9804E-05, -0.00824121
  6.9808E-05, -0.00864322
  6.9812E-05, -0.00884422
  6.9816E-05, -0.00924623
   6.982E-05, -0.00944724
  6.9824E-05, -0.00964824
  6.9828E-05,  -0.0102513
  6.9832E-05,  -0.0104523
  6.9836E-05,  -0.0106533
   6.984E-05,  -0.0110553
  6.9844E-05,  -0.0112563
  6.9848E-05,  -0.0114573
  6.9852E-05,  -0.0118593
  6.9856E-05,  -0.0122613
   6.986E-05,  -0.0124623
  6.9864E-05,  -0.0126633
  6.9868E-05,  -0.0130653
  6.9872E-05,  -0.0132663
  6.9876E-05,  -0.0134673
   6.988E-05,  -0.0136683
  6.9884E-05,  -0.0140704
  6.9888E-05,  -0.0142714
  6.9892E-05,  -0.0144724
  6.9896E-05,  -0.0146734
    6.99E-05,  -0.0150754
  6.9904E-05,  -0.0152764
  6.9908E-05,  -0.0154774
  6.9912E-05,  -0.0156784
  6.9916E-05,  -0.0158794
   6.992E-05,  -0.0160804
  6.9924E-05,  -0.0162814
  6.9928E-05,  -0.0164824
  6.9932E-05,  -0.0168844
  6.9936E-05,  -0.0170854
   6.994E-05,  -0.0170854
  6.9944E-05,  -0.0174874
  6.9948E-05,  -0.0176884
  6.9952E-05,  -0.0178894
  6.9956E-05,  -0.0180905
   6.996E-05,  -0.0182915
  6.9964E-05,  -0.0184925
  6.9968E-05,  -0.0186935
  6.9972E-05,  -0.0188945
  6.9976E-05,  -0.0188945
   6.998E-05,  -0.0192965
  6.9984E-05,  -0.0192965
  6.9988E-05,  -0.0194975
  6.9992E-05,  -0.0196985
  6.9996E-05,  -0.0198995
       7E-05,  -0.0201005
  7.0004E-05,  -0.0201005
  7.0008E-05,  -0.0203015
  7.0012E-05,  -0.0205025
  7.0016E-05,  -0.0205025
   7.002E-05,  -0.0207035
  7.0024E-05,  -0.0209045
  7.0028E-05,  -0.0209045
  7.0032E-05,  -0.0211055
  7.0036E-05,  -0.0213065
   7.004E-05,  -0.0213065
  7.0044E-05,  -0.0215075
  7.0048E-05,  -0.0215075
  7.0052E-05,  -0.0217085
  7.0056E-05,  -0.0217085
   7.006E-05,  -0.0217085
  7.0064E-05,  -0.0219095
  7.0068E-05,  -0.0219095
  7.0072E-05,  -0.0219095
  7.0076E-05,  -0.0221106
   7.008E-05,  -0.0223116
  7.0084E-05,  -0.0223116
  7.0088E-05,  -0.0223116
  7.0092E-05,  -0.0223116
  7.0096E-05,  -0.0223116
    7.01E-05,  -0.0223116
  7.0104E-05,  -0.0225126
  7.0108E-05,  -0.0225126
  7.0112E-05,  -0.0225126
  7.0116E-05,  -0.0227136
   7.012E-05,  -0.0227136
  7.0124E-05,  -0.0227136
  7.0128E-05,  -0.0227136
  7.0132E-05,  -0.0229146
  7.0136E-05,  -0.0229146
   7.014E-05,  -0.0229146
  7.0144E-05,  -0.0229146
  7.0148E-05,  -0.0229146
  7.0152E-05,  -0.0231156
  7.0156E-05,  -0.0231156
   7.016E-05,  -0.0231156
  7.0164E-05,  -0.0231156
  7.0168E-05,  -0.0231156
  7.0172E-05,  -0.0231156
  7.0176E-05,  -0.0231156
   7.018E-05,  -0.0229146
  7.0184E-05,  -0.0231156
  7.0188E-05,  -0.0231156
  7.0192E-05,  -0.0229146
  7.0196E-05,  -0.0227136
    7.02E-05,  -0.0229146
  7.0204E-05,  -0.0229146
  7.0208E-05,  -0.0227136
  7.0212E-05,  -0.0227136
  7.0216E-05,  -0.0225126
   7.022E-05,  -0.0225126
  7.0224E-05,  -0.0223116
  7.0228E-05,  -0.0223116
  7.0232E-05,  -0.0223116
  7.0236E-05,  -0.0223116
   7.024E-05,  -0.0221106
  7.0244E-05,  -0.0223116
  7.0248E-05,  -0.0221106
  7.0252E-05,  -0.0219095
  7.0256E-05,  -0.0219095
   7.026E-05,  -0.0219095
  7.0264E-05,  -0.0219095
  7.0268E-05,  -0.0217085
  7.0272E-05,  -0.0215075
  7.0276E-05,  -0.0215075
   7.028E-05,  -0.0213065
  7.0284E-05,  -0.0213065
  7.0288E-05,  -0.0211055
  7.0292E-05,  -0.0211055
  7.0296E-05,  -0.0209045
    7.03E-05,  -0.0207035
  7.0304E-05,  -0.0207035
  7.0308E-05,  -0.0205025
  7.0312E-05,  -0.0203015
  7.0316E-05,  -0.0203015
   7.032E-05,  -0.0201005
  7.0324E-05,  -0.0198995
  7.0328E-05,  -0.0196985
  7.0332E-05,  -0.0198995
  7.0336E-05,  -0.0194975
   7.034E-05,  -0.0192965
  7.0344E-05,  -0.0190955
  7.0348E-05,  -0.0190955
  7.0352E-05,  -0.0188945
  7.0356E-05,  -0.0186935
   7.036E-05,  -0.0184925
  7.0364E-05,  -0.0182915
  7.0368E-05,  -0.0180905
  7.0372E-05,  -0.0178894
  7.0376E-05,  -0.0176884
   7.038E-05,  -0.0174874
  7.0384E-05,  -0.0172864
  7.0388E-05,  -0.0172864
  7.0392E-05,  -0.0168844
  7.0396E-05,  -0.0166834
    7.04E-05,  -0.0164824
  7.0404E-05,  -0.0162814
  7.0408E-05,  -0.0162814
  7.0412E-05,  -0.0160804
  7.0416E-05,  -0.0158794
   7.042E-05,  -0.0154774
  7.0424E-05,  -0.0152764
  7.0428E-05,  -0.0152764
  7.0432E-05,  -0.0148744
  7.0436E-05,  -0.0146734
   7.044E-05,  -0.0144724
  7.0444E-05,  -0.0142714
  7.0448E-05,  -0.0140704
  7.0452E-05,  -0.0138693
  7.0456E-05,  -0.0134673
   7.046E-05,  -0.0132663
  7.0464E-05,  -0.0130653
  7.0468E-05,  -0.0128643
  7.0472E-05,  -0.0126633
  7.0476E-05,  -0.0122613
   7.048E-05,  -0.0120603
  7.0484E-05,  -0.0118593
  7.0488E-05,  -0.0116583
  7.0492E-05,  -0.0112563
  7.0496E-05,  -0.0110553
    7.05E-05,  -0.0108543
  7.0504E-05,  -0.0104523
  7.0508E-05,  -0.0102513
  7.0512E-05, -0.00984925
  7.0516E-05, -0.00964824
   7.052E-05, -0.00924623
  7.0524E-05, -0.00904523
  7.0528E-05, -0.00884422
  7.0532E-05, -0.00844221
  7.0536E-05, -0.00824121
   7.054E-05,  -0.0078392
  7.0544E-05, -0.00763819
  7.0548E-05, -0.00723618
  7.0552E-05, -0.00703518
  7.0556E-05, -0.00663317
   7.056E-05, -0.00643216
  7.0564E-05, -0.00603015
  7.0568E-05, -0.00562814
  7.0572E-05, -0.00542714
  7.0576E-05, -0.00522613
   7.058E-05, -0.00482412
  7.0584E-05, -0.00462312
  7.0588E-05, -0.00422111
  7.0592E-05,  -0.0040201
  7.0596E-05, -0.00361809
    7.06E-05, -0.00341709
  7.0604E-05, -0.00301508
  7.0608E-05, -0.00261307
  7.0612E-05, -0.00221106
  7.0616E-05, -0.00201005
   7.062E-05, -0.00180905
  7.0624E-05, -0.00140704
  7.0628E-05, -0.00100503
  7.0632E-05, -0.00080402
  7.0636E-05, -0.00040201
   7.064E-05,           0
  7.0644E-05,  0.00040201
  7.0648E-05, 0.000603015
  7.0652E-05,  0.00080402
  7.0656E-05,  0.00120603
   7.066E-05,  0.00160804
  7.0664E-05,  0.00201005
  7.0668E-05,  0.00241206
  7.0672E-05,  0.00261307
  7.0676E-05,  0.00301508
   7.068E-05,  0.00341709
  7.0684E-05,   0.0038191
  7.0688E-05,   0.0040201
  7.0692E-05,  0.00442211
  7.0696E-05,  0.00482412
    7.07E-05,  0.00522613
  7.0704E-05,  0.00562814
  7.0708E-05,  0.00582915
  7.0712E-05,  0.00623116
  7.0716E-05,  0.00663317
   7.072E-05,  0.00703518
  7.0724E-05,  0.00743719
  7.0728E-05,   0.0078392
  7.0732E-05,   0.0080402
  7.0736E-05,  0.00844221
   7.074E-05,  0.00884422
  7.0744E-05,  0.00924623
  7.0748E-05,  0.00964824
  7.0752E-05,   0.0100503
  7.0756E-05,   0.0102513
   7.076E-05,   0.0108543
  7.0764E-05,   0.0110553
  7.0768E-05,   0.0114573
  7.0772E-05,   0.0118593
  7.0776E-05,   0.0124623
   7.078E-05,   0.0126633
  7.0784E-05,   0.0130653
  7.0788E-05,   0.0132663
  7.0792E-05,   0.0136683
  7.0796E-05,   0.0140704
    7.08E-05,   0.0142714
  7.0804E-05,   0.0148744
  7.0808E-05,   0.0152764
  7.0812E-05,   0.0156784
  7.0816E-05,   0.0160804
   7.082E-05,   0.0164824
  7.0824E-05,   0.0168844
  7.0828E-05,   0.0172864
  7.0832E-05,   0.0176884
  7.0836E-05,   0.0180905
   7.084E-05,   0.0184925
  7.0844E-05,   0.0188945
  7.0848E-05,   0.0192965
  7.0852E-05,   0.0196985
  7.0856E-05,   0.0201005
   7.086E-05,   0.0205025
  7.0864E-05,   0.0209045
  7.0868E-05,   0.0213065
  7.0872E-05,   0.0217085
  7.0876E-05,   0.0221106
   7.088E-05,   0.0225126
  7.0884E-05,   0.0229146
  7.0888E-05,   0.0235176
  7.0892E-05,   0.0237186
  7.0896E-05,   0.0241206
    7.09E-05,   0.0245226
  7.0904E-05,   0.0249246
  7.0908E-05,   0.0253266
  7.0912E-05,   0.0257286
  7.0916E-05,   0.0261307
   7.092E-05,   0.0263317
  7.0924E-05,   0.0269347
  7.0928E-05,   0.0273367
  7.0932E-05,   0.0277387
  7.0936E-05,   0.0281407
   7.094E-05,   0.0285427
  7.0944E-05,   0.0289447
  7.0948E-05,   0.0295477
  7.0952E-05,   0.0299497
  7.0956E-05,   0.0301508
   7.096E-05,   0.0307538
  7.0964E-05,   0.0311558
  7.0968E-05,   0.0315578
  7.0972E-05,   0.0319598
  7.0976E-05,   0.0323618
   7.098E-05,   0.0327638
  7.0984E-05,   0.0331658
  7.0988E-05,   0.0335678
  7.0992E-05,   0.0337688
  7.0996E-05,   0.0341709
     7.1E-05,   0.0347739
  7.1004E-05,   0.0349749
  7.1008E-05,   0.0353769
  7.1012E-05,   0.0357789
  7.1016E-05,   0.0361809
   7.102E-05,   0.0365829
  7.1024E-05,   0.0369849
  7.1028E-05,   0.0373869
  7.1032E-05,   0.0377889
  7.1036E-05,    0.038191
   7.104E-05,    0.038593
  7.1044E-05,    0.038995
  7.1048E-05,    0.039397
  7.1052E-05,    0.039799
  7.1056E-05,    0.040201
   7.106E-05,    0.040603
  7.1064E-05,    0.041005
  7.1068E-05,    0.041407
  7.1072E-05,    0.041809
  7.1076E-05,   0.0422111
   7.108E-05,   0.0426131
  7.1084E-05,   0.0430151
  7.1088E-05,   0.0432161
  7.1092E-05,   0.0436181
  7.1096E-05,   0.0440201
    7.11E-05,   0.0446231
  7.1104E-05,   0.0448241
  7.1108E-05,   0.0452261
  7.1112E-05,   0.0456281
  7.1116E-05,   0.0460301
   7.112E-05,   0.0464322
  7.1124E-05,   0.0466332
  7.1128E-05,   0.0472362
  7.1132E-05,   0.0474372
  7.1136E-05,   0.0478392
   7.114E-05,   0.0482412
  7.1144E-05,   0.0484422
  7.1148E-05,   0.0488442
  7.1152E-05,   0.0492462
  7.1156E-05,   0.0496482
   7.116E-05,   0.0500503
  7.1164E-05,   0.0502513
  7.1168E-05,   0.0506533
  7.1172E-05,   0.0510553
  7.1176E-05,   0.0512563
   7.118E-05,   0.0516583
  7.1184E-05,   0.0520603
  7.1188E-05,   0.0524623
  7.1192E-05,   0.0528643
  7.1196E-05,   0.0530653
    7.12E-05,   0.0532663
  7.1204E-05,   0.0536683
  7.1208E-05,   0.0540703
  7.1212E-05,   0.0544724
  7.1216E-05,   0.0546734
   7.122E-05,   0.0550754
  7.1224E-05,   0.0552764
  7.1228E-05,   0.0556784
  7.1232E-05,   0.0558794
  7.1236E-05,   0.0562814
   7.124E-05,   0.0566834
  7.1244E-05,   0.0568844
  7.1248E-05,   0.0572864
  7.1252E-05,   0.0574874
  7.1256E-05,   0.0578894
   7.126E-05,   0.0580905
  7.1264E-05,   0.0582915
  7.1268E-05,   0.0586935
  7.1272E-05,   0.0588945
  7.1276E-05,   0.0592965
   7.128E-05,   0.0594975
  7.1284E-05,   0.0596985
  7.1288E-05,   0.0601005
  7.1292E-05,   0.0603015
  7.1296E-05,   0.0607035
    7.13E-05,   0.0609045
  7.1304E-05,   0.0613065
  7.1308E-05,   0.0615075
  7.1312E-05,   0.0617085
  7.1316E-05,   0.0619095
   7.132E-05,   0.0623116
  7.1324E-05,   0.0623116
  7.1328E-05,   0.0627136
  7.1332E-05,   0.0629146
  7.1336E-05,   0.0631156
   7.134E-05,   0.0633166
  7.1344E-05,   0.0635176
  7.1348E-05,   0.0637186
  7.1352E-05,   0.0639196
  7.1356E-05,   0.0643216
   7.136E-05,   0.0645226
  7.1364E-05,   0.0647236
  7.1368E-05,   0.0649246
  7.1372E-05,   0.0651256
  7.1376E-05,   0.0653266
   7.138E-05,   0.0655276
  7.1384E-05,   0.0657286
  7.1388E-05,   0.0659297
  7.1392E-05,   0.0661307
  7.1396E-05,   0.0663317
    7.14E-05,   0.0663317
  7.1404E-05,   0.0667337
  7.1408E-05,   0.0667337
  7.1412E-05,   0.0669347
  7.1416E-05,   0.0671357
   7.142E-05,   0.0673367
  7.1424E-05,   0.0673367
  7.1428E-05,   0.0675377
  7.1432E-05,   0.0677387
  7.1436E-05,   0.0677387
   7.144E-05,   0.0679397
  7.1444E-05,   0.0681407
  7.1448E-05,   0.0681407
  7.1452E-05,   0.0681407
  7.1456E-05,   0.0685427
   7.146E-05,   0.0687437
  7.1464E-05,   0.0687437
  7.1468E-05,   0.0687437
  7.1472E-05,   0.0689447
  7.1476E-05,   0.0689447
   7.148E-05,   0.0691457
  7.1484E-05,   0.0693467
  7.1488E-05,   0.0693467
  7.1492E-05,   0.0693467
  7.1496E-05,   0.0695477
    7.15E-05,   0.0695477
  7.1504E-05,   0.0695477
  7.1508E-05,   0.0697487
  7.1512E-05,   0.0697487
  7.1516E-05,   0.0699497
   7.152E-05,   0.0699497
  7.1524E-05,   0.0699497
  7.1528E-05,   0.0701508
  7.1532E-05,   0.0699497
  7.1536E-05,   0.0699497
   7.154E-05,   0.0701508
  7.1544E-05,   0.0701508
  7.1548E-05,   0.0701508
  7.1552E-05,   0.0701508
  7.1556E-05,   0.0701508
   7.156E-05,   0.0701508
  7.1564E-05,   0.0701508
  7.1568E-05,   0.0701508
  7.1572E-05,   0.0701508
  7.1576E-05,   0.0701508
   7.158E-05,   0.0699497
  7.1584E-05,   0.0699497
  7.1588E-05,   0.0699497
  7.1592E-05,   0.0699497
  7.1596E-05,   0.0699497
    7.16E-05,   0.0699497
  7.1604E-05,   0.0699497
  7.1608E-05,   0.0697487
  7.1612E-05,   0.0697487
  7.1616E-05,   0.0697487
   7.162E-05,   0.0697487
  7.1624E-05,   0.0697487
  7.1628E-05,   0.0695477
  7.1632E-05,   0.0695477
  7.1636E-05,   0.0695477
   7.164E-05,   0.0693467
  7.1644E-05,   0.0691457
  7.1648E-05,   0.0691457
  7.1652E-05,   0.0691457
  7.1656E-05,   0.0689447
   7.166E-05,   0.0687437
  7.1664E-05,   0.0687437
  7.1668E-05,   0.0685427
  7.1672E-05,   0.0683417
  7.1676E-05,   0.0683417
   7.168E-05,   0.0681407
  7.1684E-05,   0.0679397
  7.1688E-05,   0.0677387
  7.1692E-05,   0.0677387
  7.1696E-05,   0.0677387
    7.17E-05,   0.0675377
  7.1704E-05,   0.0673367
  7.1708E-05,   0.0671357
  7.1712E-05,   0.0669347
  7.1716E-05,   0.0667337
   7.172E-05,   0.0665327
  7.1724E-05,   0.0665327
  7.1728E-05,   0.0663317
  7.1732E-05,   0.0661307
  7.1736E-05,   0.0659297
   7.174E-05,   0.0657286
  7.1744E-05,   0.0655276
  7.1748E-05,   0.0655276
  7.1752E-05,   0.0653266
  7.1756E-05,   0.0651256
   7.176E-05,   0.0647236
  7.1764E-05,   0.0645226
  7.1768E-05,   0.0643216
  7.1772E-05,   0.0643216
  7.1776E-05,   0.0639196
   7.178E-05,   0.0637186
  7.1784E-05,   0.0635176
  7.1788E-05,   0.0633166
  7.1792E-05,   0.0631156
  7.1796E-05,   0.0629146
    7.18E-05,   0.0625126
  7.1804E-05,   0.0623116
  7.1808E-05,   0.0619095
  7.1812E-05,   0.0617085
  7.1816E-05,   0.0617085
   7.182E-05,   0.0611055
  7.1824E-05,   0.0609045
  7.1828E-05,   0.0607035
  7.1832E-05,   0.0605025
  7.1836E-05,   0.0601005
   7.184E-05,   0.0596985
  7.1844E-05,   0.0594975
  7.1848E-05,   0.0592965
  7.1852E-05,   0.0588945
  7.1856E-05,   0.0586935
   7.186E-05,   0.0582915
  7.1864E-05,   0.0580905
  7.1868E-05,   0.0578894
  7.1872E-05,   0.0574874
  7.1876E-05,   0.0570854
   7.188E-05,   0.0568844
  7.1884E-05,   0.0564824
  7.1888E-05,   0.0562814
  7.1892E-05,   0.0558794
  7.1896E-05,   0.0554774
    7.19E-05,   0.0552764
  7.1904E-05,   0.0548744
  7.1908E-05,   0.0546734
  7.1912E-05,   0.0542714
  7.1916E-05,   0.0538693
   7.192E-05,   0.0536683
  7.1924E-05,   0.0532663
  7.1928E-05,   0.0528643
  7.1932E-05,   0.0526633
  7.1936E-05,   0.0522613
   7.194E-05,   0.0518593
  7.1944E-05,   0.0514573
  7.1948E-05,   0.0510553
  7.1952E-05,   0.0508543
  7.1956E-05,   0.0502513
   7.196E-05,   0.0498492
  7.1964E-05,   0.0496482
  7.1968E-05,   0.0492462
  7.1972E-05,   0.0488442
  7.1976E-05,   0.0484422
   7.198E-05,   0.0480402
  7.1984E-05,   0.0478392
  7.1988E-05,   0.0472362
  7.1992E-05,   0.0468342
  7.1996E-05,   0.0464322
     7.2E-05,   0.0460301
  7.2004E-05,   0.0458291
  7.2008E-05,   0.0454271
  7.2012E-05,   0.0448241
  7.2016E-05,   0.0446231
   7.202E-05,   0.0442211
  7.2024E-05,   0.0438191
  7.2028E-05,   0.0432161
  7.2032E-05,   0.0428141
  7.2036E-05,   0.0426131
   7.204E-05,   0.0422111
  7.2044E-05,    0.041608
  7.2048E-05,    0.041407
  7.2052E-05,    0.041005
  7.2056E-05,    0.040402
   7.206E-05,        0.04
  7.2064E-05,    0.039598
  7.2068E-05,    0.039196
  7.2072E-05,    0.038794
  7.2076E-05,    0.038392
   7.208E-05,   0.0379899
  7.2084E-05,   0.0375879
  7.2088E-05,   0.0371859
  7.2092E-05,   0.0367839
  7.2096E-05,   0.0361809
    7.21E-05,   0.0357789
  7.2104E-05,   0.0353769
  7.2108E-05,   0.0349749
  7.2112E-05,   0.0345729
  7.2116E-05,   0.0339698
   7.212E-05,   0.0335678
  7.2124E-05,   0.0331658
  7.2128E-05,   0.0327638
  7.2132E-05,   0.0323618
  7.2136E-05,   0.0319598
   7.214E-05,   0.0315578
  7.2144E-05,   0.0309548
  7.2148E-05,   0.0307538
  7.2152E-05,   0.0303518
  7.2156E-05,   0.0299497
   7.216E-05,   0.0293467
  7.2164E-05,   0.0289447
  7.2168E-05,   0.0285427
  7.2172E-05,   0.0281407
  7.2176E-05,   0.0277387
   7.218E-05,   0.0271357
  7.2184E-05,   0.0267337
  7.2188E-05,   0.0263317
  7.2192E-05,   0.0259296
  7.2196E-05,   0.0255276
    7.22E-05,   0.0251256
  7.2204E-05,   0.0245226
  7.2208E-05,   0.0241206
  7.2212E-05,   0.0237186
  7.2216E-05,   0.0233166
   7.222E-05,   0.0229146
  7.2224E-05,   0.0223116
  7.2228E-05,   0.0219095
  7.2232E-05,   0.0215075
  7.2236E-05,   0.0211055
   7.224E-05,   0.0207035
  7.2244E-05,   0.0201005
  7.2248E-05,   0.0196985
  7.2252E-05,   0.0192965
  7.2256E-05,   0.0186935
   7.226E-05,   0.0184925
  7.2264E-05,   0.0180905
  7.2268E-05,   0.0174874
  7.2272E-05,   0.0170854
  7.2276E-05,   0.0166834
   7.228E-05,   0.0162814
  7.2284E-05,   0.0156784
  7.2288E-05,   0.0152764
  7.2292E-05,   0.0148744
  7.2296E-05,   0.0144724
    7.23E-05,   0.0140704
  7.2304E-05,   0.0136683
  7.2308E-05,   0.0132663
  7.2312E-05,   0.0126633
  7.2316E-05,   0.0124623
   7.232E-05,   0.0120603
  7.2324E-05,   0.0116583
  7.2328E-05,   0.0110553
  7.2332E-05,   0.0106533
  7.2336E-05,   0.0102513
   7.234E-05,  0.00984925
  7.2344E-05,  0.00944724
  7.2348E-05,  0.00904523
  7.2352E-05,  0.00844221
  7.2356E-05,  0.00824121
   7.236E-05,   0.0078392
  7.2364E-05,  0.00723618
  7.2368E-05,  0.00683417
  7.2372E-05,  0.00643216
  7.2376E-05,  0.00603015
   7.238E-05,  0.00562814
  7.2384E-05,  0.00522613
  7.2388E-05,  0.00462312
  7.2392E-05,  0.00422111
  7.2396E-05,   0.0040201
    7.24E-05,  0.00361809
  7.2404E-05,  0.00321608
  7.2408E-05,  0.00261307
  7.2412E-05,  0.00221106
  7.2416E-05,  0.00201005
   7.242E-05,  0.00160804
  7.2424E-05,  0.00100503
  7.2428E-05, 0.000603015
  7.2432E-05,  0.00040201
  7.2436E-05,           0
   7.244E-05, -0.00040201
  7.2444E-05, -0.00080402
  7.2448E-05, -0.00120603
  7.2452E-05, -0.00160804
  7.2456E-05, -0.00201005
   7.246E-05, -0.00241206
  7.2464E-05, -0.00281407
  7.2468E-05, -0.00321608
  7.2472E-05, -0.00361809
  7.2476E-05,  -0.0040201
   7.248E-05, -0.00422111
  7.2484E-05, -0.00462312
  7.2488E-05, -0.00502513
  7.2492E-05, -0.00542714
  7.2496E-05, -0.00582915
    7.25E-05, -0.00603015
  7.2504E-05, -0.00643216
  7.2508E-05, -0.00683417
  7.2512E-05, -0.00723618
  7.2516E-05, -0.00763819
   7.252E-05,  -0.0080402
  7.2524E-05, -0.00844221
  7.2528E-05, -0.00864322
  7.2532E-05, -0.00904523
  7.2536E-05, -0.00964824
   7.254E-05, -0.00984925
  7.2544E-05,  -0.0102513
  7.2548E-05,  -0.0106533
  7.2552E-05,  -0.0110553
  7.2556E-05,  -0.0114573
   7.256E-05,  -0.0118593
  7.2564E-05,  -0.0122613
  7.2568E-05,  -0.0126633
  7.2572E-05,  -0.0128643
  7.2576E-05,  -0.0132663
   7.258E-05,  -0.0136683
  7.2584E-05,  -0.0140704
  7.2588E-05,  -0.0142714
  7.2592E-05,  -0.0146734
  7.2596E-05,  -0.0150754
    7.26E-05,  -0.0154774
  7.2604E-05,  -0.0158794
  7.2608E-05,  -0.0162814
  7.2612E-05,  -0.0164824
  7.2616E-05,  -0.0168844
   7.262E-05,  -0.0170854
  7.2624E-05,  -0.0174874
  7.2628E-05,  -0.0176884
  7.2632E-05,  -0.0180905
  7.2636E-05,  -0.0184925
   7.264E-05,  -0.0186935
  7.2644E-05,  -0.0190955
  7.2648E-05,  -0.0194975
  7.2652E-05,  -0.0196985
  7.2656E-05,  -0.0201005
   7.266E-05,  -0.0205025
  7.2664E-05,  -0.0209045
  7.2668E-05,  -0.0211055
  7.2672E-05,  -0.0215075
  7.2676E-05,  -0.0217085
   7.268E-05,  -0.0221106
  7.2684E-05,  -0.0225126
  7.2688E-05,  -0.0227136
  7.2692E-05,  -0.0229146
  7.2696E-05,  -0.0233166
    7.27E-05,  -0.0235176
  7.2704E-05,  -0.0237186
  7.2708E-05,  -0.0241206
  7.2712E-05,  -0.0245226
  7.2716E-05,  -0.0247236
   7.272E-05,  -0.0251256
  7.2724E-05,  -0.0253266
  7.2728E-05,  -0.0257286
  7.2732E-05,  -0.0259296
  7.2736E-05,  -0.0263317
   7.274E-05,  -0.0267337
  7.2744E-05,  -0.0269347
  7.2748E-05,  -0.0271357
  7.2752E-05,  -0.0273367
  7.2756E-05,  -0.0275377
   7.276E-05,  -0.0279397
  7.2764E-05,  -0.0283417
  7.2768E-05,  -0.0283417
  7.2772E-05,  -0.0285427
  7.2776E-05,  -0.0289447
   7.278E-05,  -0.0291457
  7.2784E-05,  -0.0295477
  7.2788E-05,  -0.0297487
  7.2792E-05,  -0.0299497
  7.2796E-05,  -0.0303518
    7.28E-05,  -0.0305528
  7.2804E-05,  -0.0307538
  7.2808E-05,  -0.0309548
  7.2812E-05,  -0.0313568
  7.2816E-05,  -0.0313568
   7.282E-05,  -0.0317588
  7.2824E-05,  -0.0319598
  7.2828E-05,  -0.0321608
  7.2832E-05,  -0.0323618
  7.2836E-05,  -0.0327638
   7.284E-05,  -0.0329648
  7.2844E-05,  -0.0331658
  7.2848E-05,  -0.0333668
  7.2852E-05,  -0.0335678
  7.2856E-05,  -0.0337688
   7.286E-05,  -0.0339698
  7.2864E-05,  -0.0343719
  7.2868E-05,  -0.0345729
  7.2872E-05,  -0.0347739
  7.2876E-05,  -0.0349749
   7.288E-05,  -0.0351759
  7.2884E-05,  -0.0353769
  7.2888E-05,  -0.0355779
  7.2892E-05,  -0.0357789
  7.2896E-05,  -0.0359799
    7.29E-05,  -0.0361809
  7.2904E-05,  -0.0363819
  7.2908E-05,  -0.0365829
  7.2912E-05,  -0.0367839
  7.2916E-05,  -0.0369849
   7.292E-05,  -0.0371859
  7.2924E-05,  -0.0371859
  7.2928E-05,  -0.0375879
  7.2932E-05,  -0.0377889
  7.2936E-05,  -0.0379899
   7.294E-05,   -0.038191
  7.2944E-05,   -0.038392
  7.2948E-05,   -0.038593
  7.2952E-05,   -0.038794
  7.2956E-05,   -0.038995
   7.296E-05,   -0.039196
  7.2964E-05,   -0.039196
  7.2968E-05,   -0.039397
  7.2972E-05,   -0.039598
  7.2976E-05,   -0.039799
   7.298E-05,       -0.04
  7.2984E-05,   -0.040201
  7.2988E-05,   -0.040201
  7.2992E-05,   -0.040402
  7.2996E-05,   -0.040603
     7.3E-05,   -0.040804
  7.3004E-05,   -0.041005
  7.3008E-05,   -0.041005
  7.3012E-05,   -0.041206
  7.3016E-05,   -0.041407
   7.302E-05,   -0.041608
  7.3024E-05,   -0.041809
  7.3028E-05,   -0.041809
  7.3032E-05,  -0.0420101
  7.3036E-05,  -0.0422111
   7.304E-05,  -0.0422111
  7.3044E-05,  -0.0424121
  7.3048E-05,  -0.0424121
  7.3052E-05,  -0.0426131
  7.3056E-05,  -0.0428141
   7.306E-05,  -0.0430151
  7.3064E-05,  -0.0430151
  7.3068E-05,  -0.0432161
  7.3072E-05,  -0.0432161
  7.3076E-05,  -0.0436181
   7.308E-05,  -0.0436181
  7.3084E-05,  -0.0438191
  7.3088E-05,  -0.0438191
  7.3092E-05,  -0.0440201
  7.3096E-05,  -0.0442211
    7.31E-05,  -0.0442211
  7.3104E-05,  -0.0444221
  7.3108E-05,  -0.0444221
  7.3112E-05,  -0.0446231
  7.3116E-05,  -0.0446231
   7.312E-05,  -0.0448241
  7.3124E-05,  -0.0448241
  7.3128E-05,  -0.0450251
  7.3132E-05,  -0.0452261
  7.3136E-05,  -0.0452261
   7.314E-05,  -0.0454271
  7.3144E-05,  -0.0454271
  7.3148E-05,  -0.0456281
  7.3152E-05,  -0.0458291
  7.3156E-05,  -0.0458291
   7.316E-05,  -0.0458291
  7.3164E-05,  -0.0460301
  7.3168E-05,  -0.0462312
  7.3172E-05,  -0.0462312
  7.3176E-05,  -0.0464322
   7.318E-05,  -0.0466332
  7.3184E-05,  -0.0466332
  7.3188E-05,  -0.0468342
  7.3192E-05,  -0.0468342
  7.3196E-05,  -0.0470352
    7.32E-05,  -0.0470352
  7.3204E-05,  -0.0470352
  7.3208E-05,  -0.0472362
  7.3212E-05,  -0.0472362
  7.3216E-05,  -0.0474372
   7.322E-05,  -0.0474372
  7.3224E-05,  -0.0474372
  7.3228E-05,  -0.0474372
  7.3232E-05,  -0.0476382
  7.3236E-05,  -0.0476382
   7.324E-05,  -0.0478392
  7.3244E-05,  -0.0478392
  7.3248E-05,  -0.0478392
  7.3252E-05,  -0.0480402
  7.3256E-05,  -0.0482412
   7.326E-05,  -0.0482412
  7.3264E-05,  -0.0482412
  7.3268E-05,  -0.0482412
  7.3272E-05,  -0.0484422
  7.3276E-05,  -0.0484422
   7.328E-05,  -0.0484422
  7.3284E-05,  -0.0486432
  7.3288E-05,  -0.0486432
  7.3292E-05,  -0.0488442
  7.3296E-05,  -0.0488442
    7.33E-05,  -0.0488442
  7.3304E-05,  -0.0490452
  7.3308E-05,  -0.0490452
  7.3312E-05,  -0.0490452
  7.3316E-05,  -0.0492462
   7.332E-05,  -0.0492462
  7.3324E-05,  -0.0492462
  7.3328E-05,  -0.0494472
  7.3332E-05,  -0.0494472
  7.3336E-05,  -0.0496482
   7.334E-05,  -0.0496482
  7.3344E-05,  -0.0496482
  7.3348E-05,  -0.0498492
  7.3352E-05,  -0.0500503
  7.3356E-05,  -0.0498492
   7.336E-05,  -0.0500503
  7.3364E-05,  -0.0500503
  7.3368E-05,  -0.0500503
  7.3372E-05,  -0.0502513
  7.3376E-05,  -0.0502513
   7.338E-05,  -0.0504523
  7.3384E-05,  -0.0504523
  7.3388E-05,  -0.0504523
  7.3392E-05,  -0.0504523
  7.3396E-05,  -0.0506533
    7.34E-05,  -0.0506533
  7.3404E-05,  -0.0506533
  7.3408E-05,  -0.0508543
  7.3412E-05,  -0.0508543
  7.3416E-05,  -0.0510553
   7.342E-05,  -0.0510553
  7.3424E-05,  -0.0510553
  7.3428E-05,  -0.0512563
  7.3432E-05,  -0.0512563
  7.3436E-05,  -0.0514573
   7.344E-05,  -0.0514573
  7.3444E-05,  -0.0514573
  7.3448E-05,  -0.0514573
  7.3452E-05,  -0.0514573
  7.3456E-05,  -0.0516583
   7.346E-05,  -0.0516583
  7.3464E-05,  -0.0518593
  7.3468E-05,  -0.0518593
  7.3472E-05,  -0.0518593
  7.3476E-05,  -0.0520603
   7.348E-05,  -0.0520603
  7.3484E-05,  -0.0520603
  7.3488E-05,  -0.0520603
  7.3492E-05,  -0.0522613
  7.3496E-05,  -0.0522613
    7.35E-05,  -0.0522613
  7.3504E-05,  -0.0522613
  7.3508E-05,  -0.0524623
  7.3512E-05,  -0.0524623
  7.3516E-05,  -0.0524623
   7.352E-05,  -0.0528643
  7.3524E-05,  -0.0528643
  7.3528E-05,  -0.0528643
  7.3532E-05,  -0.0530653
  7.3536E-05,  -0.0530653
   7.354E-05,  -0.0530653
  7.3544E-05,  -0.0530653
  7.3548E-05,  -0.0532663
  7.3552E-05,  -0.0532663
  7.3556E-05,  -0.0532663
   7.356E-05,  -0.0532663
  7.3564E-05,  -0.0532663
  7.3568E-05,  -0.0532663
  7.3572E-05,  -0.0532663
  7.3576E-05,  -0.0532663
   7.358E-05,  -0.0532663
  7.3584E-05,  -0.0532663
  7.3588E-05,  -0.0534673
  7.3592E-05,  -0.0534673
  7.3596E-05,  -0.0534673
    7.36E-05,  -0.0536683
  7.3604E-05,  -0.0538693
  7.3608E-05,  -0.0540703
  7.3612E-05,  -0.0542714
  7.3616E-05,  -0.0544724
   7.362E-05,  -0.0546734
  7.3624E-05,  -0.0546734
  7.3628E-05,  -0.0550754
  7.3632E-05,  -0.0550754
  7.3636E-05,  -0.0550754
   7.364E-05,  -0.0550754
  7.3644E-05,  -0.0552764
  7.3648E-05,  -0.0552764
  7.3652E-05,  -0.0552764
  7.3656E-05,  -0.0552764
   7.366E-05,  -0.0552764
  7.3664E-05,  -0.0552764
  7.3668E-05,  -0.0554774
  7.3672E-05,  -0.0552764
  7.3676E-05,  -0.0554774
   7.368E-05,  -0.0554774
  7.3684E-05,  -0.0554774
  7.3688E-05,  -0.0556784
  7.3692E-05,  -0.0556784
  7.3696E-05,  -0.0556784
    7.37E-05,  -0.0558794
  7.3704E-05,  -0.0558794
  7.3708E-05,  -0.0558794
  7.3712E-05,  -0.0560804
  7.3716E-05,  -0.0562814
   7.372E-05,  -0.0562814
  7.3724E-05,  -0.0564824
  7.3728E-05,  -0.0564824
  7.3732E-05,  -0.0566834
  7.3736E-05,  -0.0566834
   7.374E-05,  -0.0566834
  7.3744E-05,  -0.0568844
  7.3748E-05,  -0.0568844
  7.3752E-05,  -0.0570854
  7.3756E-05,  -0.0570854
   7.376E-05,  -0.0572864
  7.3764E-05,  -0.0572864
  7.3768E-05,  -0.0574874
  7.3772E-05,  -0.0574874
  7.3776E-05,  -0.0576884
   7.378E-05,  -0.0578894
  7.3784E-05,  -0.0578894
  7.3788E-05,  -0.0578894
  7.3792E-05,  -0.0578894
  7.3796E-05,  -0.0580905
    7.38E-05,  -0.0580905
  7.3804E-05,  -0.0584925
  7.3808E-05,  -0.0584925
  7.3812E-05,  -0.0584925
  7.3816E-05,  -0.0586935
   7.382E-05,  -0.0586935
  7.3824E-05,  -0.0586935
  7.3828E-05,  -0.0588945
  7.3832E-05,  -0.0588945
  7.3836E-05,  -0.0590955
   7.384E-05,  -0.0590955
  7.3844E-05,  -0.0590955
  7.3848E-05,  -0.0592965
  7.3852E-05,  -0.0592965
  7.3856E-05,  -0.0594975
   7.386E-05,  -0.0594975
  7.3864E-05,  -0.0594975
  7.3868E-05,  -0.0596985
  7.3872E-05,  -0.0598995
  7.3876E-05,  -0.0598995
   7.388E-05,  -0.0598995
  7.3884E-05,  -0.0601005
  7.3888E-05,  -0.0603015
  7.3892E-05,  -0.0601005
  7.3896E-05,  -0.0603015
    7.39E-05,  -0.0605025
  7.3904E-05,  -0.0605025
  7.3908E-05,  -0.0605025
  7.3912E-05,  -0.0607035
  7.3916E-05,  -0.0609045
   7.392E-05,  -0.0609045
  7.3924E-05,  -0.0609045
  7.3928E-05,  -0.0611055
  7.3932E-05,  -0.0611055
  7.3936E-05,  -0.0613065
   7.394E-05,  -0.0613065
  7.3944E-05,  -0.0613065
  7.3948E-05,  -0.0615075
  7.3952E-05,  -0.0617085
  7.3956E-05,  -0.0617085
   7.396E-05,  -0.0617085
  7.3964E-05,  -0.0621106
  7.3968E-05,  -0.0623116
  7.3972E-05,  -0.0623116
  7.3976E-05,  -0.0623116
   7.398E-05,  -0.0625126
  7.3984E-05,  -0.0627136
  7.3988E-05,  -0.0627136
  7.3992E-05,  -0.0627136
  7.3996E-05,  -0.0629146
