     9.1E-05,    0.168693
  9.1004E-05,    0.168693
  9.1008E-05,    0.169146
  9.1012E-05,    0.168693
  9.1016E-05,    0.168693
   9.102E-05,    0.168693
  9.1024E-05,    0.169146
  9.1028E-05,    0.169146
  9.1032E-05,    0.168693
  9.1036E-05,    0.169146
   9.104E-05,    0.169146
  9.1044E-05,    0.168693
  9.1048E-05,    0.169598
  9.1052E-05,    0.169146
  9.1056E-05,    0.169146
   9.106E-05,    0.169146
  9.1064E-05,    0.169146
  9.1068E-05,     0.17005
  9.1072E-05,    0.169146
  9.1076E-05,    0.169146
   9.108E-05,    0.169598
  9.1084E-05,    0.169598
  9.1088E-05,    0.169598
  9.1092E-05,    0.169598
  9.1096E-05,    0.169598
    9.11E-05,    0.169598
  9.1104E-05,    0.169598
  9.1108E-05,    0.169598
  9.1112E-05,    0.169598
  9.1116E-05,    0.169598
   9.112E-05,    0.169598
  9.1124E-05,    0.169598
  9.1128E-05,     0.17005
  9.1132E-05,     0.17005
  9.1136E-05,    0.169598
   9.114E-05,    0.169598
  9.1144E-05,    0.170503
  9.1148E-05,     0.17005
  9.1152E-05,     0.17005
  9.1156E-05,     0.17005
   9.116E-05,     0.17005
  9.1164E-05,     0.17005
  9.1168E-05,     0.17005
  9.1172E-05,    0.170503
  9.1176E-05,     0.17005
   9.118E-05,     0.17005
  9.1184E-05,    0.170503
  9.1188E-05,     0.17005
  9.1192E-05,     0.17005
  9.1196E-05,    0.170503
    9.12E-05,    0.170503
  9.1204E-05,     0.17005
  9.1208E-05,    0.170503
  9.1212E-05,    0.170503
  9.1216E-05,    0.170503
   9.122E-05,    0.170503
  9.1224E-05,    0.170503
  9.1228E-05,    0.170503
  9.1232E-05,     0.17005
  9.1236E-05,    0.170503
   9.124E-05,    0.170503
  9.1244E-05,    0.170503
  9.1248E-05,    0.170955
  9.1252E-05,    0.170503
  9.1256E-05,    0.170955
   9.126E-05,    0.170955
  9.1264E-05,    0.170955
  9.1268E-05,    0.170955
  9.1272E-05,    0.170955
  9.1276E-05,    0.170503
   9.128E-05,    0.170955
  9.1284E-05,    0.171407
  9.1288E-05,    0.170955
  9.1292E-05,    0.170955
  9.1296E-05,    0.170955
    9.13E-05,    0.171859
  9.1304E-05,    0.170955
  9.1308E-05,    0.170955
  9.1312E-05,    0.171407
  9.1316E-05,    0.171407
   9.132E-05,    0.171407
  9.1324E-05,    0.171407
  9.1328E-05,    0.171407
  9.1332E-05,    0.171859
  9.1336E-05,    0.171407
   9.134E-05,    0.171859
  9.1344E-05,    0.171859
  9.1348E-05,    0.171407
  9.1352E-05,    0.171859
  9.1356E-05,    0.171859
   9.136E-05,    0.171859
  9.1364E-05,    0.171859
  9.1368E-05,    0.171407
  9.1372E-05,    0.171859
  9.1376E-05,    0.172312
   9.138E-05,    0.171859
  9.1384E-05,    0.171859
  9.1388E-05,    0.172312
  9.1392E-05,    0.172312
  9.1396E-05,    0.171859
    9.14E-05,    0.172312
  9.1404E-05,    0.172312
  9.1408E-05,    0.172312
  9.1412E-05,    0.172312
  9.1416E-05,    0.172764
   9.142E-05,    0.172764
  9.1424E-05,    0.172312
  9.1428E-05,    0.172764
  9.1432E-05,    0.172764
  9.1436E-05,    0.172764
   9.144E-05,    0.172764
  9.1444E-05,    0.172764
  9.1448E-05,    0.173216
  9.1452E-05,    0.172764
  9.1456E-05,    0.172764
   9.146E-05,    0.173216
  9.1464E-05,    0.173216
  9.1468E-05,    0.173216
  9.1472E-05,    0.173216
  9.1476E-05,    0.172764
   9.148E-05,    0.173668
  9.1484E-05,    0.173216
  9.1488E-05,    0.172764
  9.1492E-05,    0.173668
  9.1496E-05,    0.173216
    9.15E-05,    0.173668
  9.1504E-05,    0.173668
  9.1508E-05,    0.173668
  9.1512E-05,    0.173668
  9.1516E-05,    0.173668
   9.152E-05,    0.173668
  9.1524E-05,    0.174121
  9.1528E-05,    0.173668
  9.1532E-05,    0.173668
  9.1536E-05,    0.174121
   9.154E-05,    0.174121
  9.1544E-05,    0.174121
  9.1548E-05,    0.174121
  9.1552E-05,    0.174573
  9.1556E-05,    0.174573
   9.156E-05,    0.174121
  9.1564E-05,    0.174573
  9.1568E-05,    0.174573
  9.1572E-05,    0.174573
  9.1576E-05,    0.175025
   9.158E-05,    0.174573
  9.1584E-05,    0.174573
  9.1588E-05,    0.175025
  9.1592E-05,    0.174573
  9.1596E-05,    0.175025
    9.16E-05,    0.174573
  9.1604E-05,    0.174573
  9.1608E-05,    0.175477
  9.1612E-05,    0.175025
  9.1616E-05,    0.175477
   9.162E-05,    0.175025
  9.1624E-05,    0.175025
  9.1628E-05,    0.175477
  9.1632E-05,    0.175477
  9.1636E-05,    0.175477
   9.164E-05,    0.175477
  9.1644E-05,    0.175477
  9.1648E-05,     0.17593
  9.1652E-05,     0.17593
  9.1656E-05,    0.175477
   9.166E-05,     0.17593
  9.1664E-05,     0.17593
  9.1668E-05,     0.17593
  9.1672E-05,    0.176382
  9.1676E-05,     0.17593
   9.168E-05,    0.176382
  9.1684E-05,     0.17593
  9.1688E-05,     0.17593
  9.1692E-05,    0.176834
  9.1696E-05,    0.176382
    9.17E-05,     0.17593
  9.1704E-05,    0.176382
  9.1708E-05,    0.176382
  9.1712E-05,    0.176834
  9.1716E-05,    0.176382
   9.172E-05,    0.176834
  9.1724E-05,    0.176834
  9.1728E-05,    0.176382
  9.1732E-05,    0.177286
  9.1736E-05,    0.177286
   9.174E-05,    0.176834
  9.1744E-05,    0.177286
  9.1748E-05,    0.177286
  9.1752E-05,    0.177286
  9.1756E-05,    0.177286
   9.176E-05,    0.177286
  9.1764E-05,    0.177286
  9.1768E-05,    0.177286
  9.1772E-05,    0.177286
  9.1776E-05,    0.178191
   9.178E-05,    0.177739
  9.1784E-05,    0.177739
  9.1788E-05,    0.177739
  9.1792E-05,    0.177739
  9.1796E-05,    0.178191
    9.18E-05,    0.177739
  9.1804E-05,    0.178191
  9.1808E-05,    0.178191
  9.1812E-05,    0.178191
  9.1816E-05,    0.178191
   9.182E-05,    0.178191
  9.1824E-05,    0.178191
  9.1828E-05,    0.178191
  9.1832E-05,    0.178643
  9.1836E-05,    0.178643
   9.184E-05,    0.179095
  9.1844E-05,    0.178643
  9.1848E-05,    0.178643
  9.1852E-05,    0.179095
  9.1856E-05,    0.179095
   9.186E-05,    0.179095
  9.1864E-05,    0.178643
  9.1868E-05,    0.179095
  9.1872E-05,    0.179548
  9.1876E-05,    0.179095
   9.188E-05,    0.179548
  9.1884E-05,    0.179548
  9.1888E-05,    0.178643
  9.1892E-05,    0.179548
  9.1896E-05,    0.179548
    9.19E-05,    0.179548
  9.1904E-05,    0.179548
  9.1908E-05,    0.179548
  9.1912E-05,    0.179548
  9.1916E-05,    0.179548
   9.192E-05,    0.179548
  9.1924E-05,        0.18
  9.1928E-05,    0.179548
  9.1932E-05,    0.179548
  9.1936E-05,        0.18
   9.194E-05,        0.18
  9.1944E-05,        0.18
  9.1948E-05,        0.18
  9.1952E-05,        0.18
  9.1956E-05,        0.18
   9.196E-05,        0.18
  9.1964E-05,        0.18
  9.1968E-05,    0.180452
  9.1972E-05,        0.18
  9.1976E-05,    0.180452
   9.198E-05,    0.180452
  9.1984E-05,    0.180452
  9.1988E-05,    0.180452
  9.1992E-05,    0.180452
  9.1996E-05,    0.180452
     9.2E-05,    0.180452
  9.2004E-05,    0.180452
  9.2008E-05,    0.180905
  9.2012E-05,    0.180452
  9.2016E-05,    0.180452
   9.202E-05,    0.180905
  9.2024E-05,    0.180452
  9.2028E-05,    0.180905
  9.2032E-05,    0.180905
  9.2036E-05,    0.180452
   9.204E-05,    0.180905
  9.2044E-05,    0.180905
  9.2048E-05,    0.180905
  9.2052E-05,    0.180905
  9.2056E-05,    0.180905
   9.206E-05,    0.181357
  9.2064E-05,    0.181357
  9.2068E-05,    0.180905
  9.2072E-05,    0.180905
  9.2076E-05,    0.180905
   9.208E-05,    0.181357
  9.2084E-05,    0.181357
  9.2088E-05,    0.180905
  9.2092E-05,    0.180905
  9.2096E-05,    0.180905
    9.21E-05,    0.181357
  9.2104E-05,    0.181357
  9.2108E-05,    0.181357
  9.2112E-05,    0.181357
  9.2116E-05,    0.181357
   9.212E-05,    0.181357
  9.2124E-05,    0.181809
  9.2128E-05,    0.181357
  9.2132E-05,    0.181357
  9.2136E-05,    0.181809
   9.214E-05,    0.181809
  9.2144E-05,    0.181357
  9.2148E-05,    0.181809
  9.2152E-05,    0.181809
  9.2156E-05,    0.181809
   9.216E-05,    0.181809
  9.2164E-05,    0.181809
  9.2168E-05,    0.182261
  9.2172E-05,    0.181809
  9.2176E-05,    0.181809
   9.218E-05,    0.181809
  9.2184E-05,    0.181809
  9.2188E-05,    0.181809
  9.2192E-05,    0.181809
  9.2196E-05,    0.181809
    9.22E-05,    0.182261
  9.2204E-05,    0.181809
  9.2208E-05,    0.182261
  9.2212E-05,    0.181809
  9.2216E-05,    0.181809
   9.222E-05,    0.181809
  9.2224E-05,    0.181809
  9.2228E-05,    0.181809
  9.2232E-05,    0.181809
  9.2236E-05,    0.181809
   9.224E-05,    0.182261
  9.2244E-05,    0.181809
  9.2248E-05,    0.181809
  9.2252E-05,    0.182261
  9.2256E-05,    0.181809
   9.226E-05,    0.181809
  9.2264E-05,    0.181809
  9.2268E-05,    0.181809
  9.2272E-05,    0.181809
  9.2276E-05,    0.181809
   9.228E-05,    0.181809
  9.2284E-05,    0.181809
  9.2288E-05,    0.181809
  9.2292E-05,    0.182261
  9.2296E-05,    0.181809
    9.23E-05,    0.181357
  9.2304E-05,    0.181809
  9.2308E-05,    0.181809
  9.2312E-05,    0.181809
  9.2316E-05,    0.181809
   9.232E-05,    0.181357
  9.2324E-05,    0.181809
  9.2328E-05,    0.181809
  9.2332E-05,    0.181809
  9.2336E-05,    0.182261
   9.234E-05,    0.181809
  9.2344E-05,    0.181357
  9.2348E-05,    0.181809
  9.2352E-05,    0.181809
  9.2356E-05,    0.181809
   9.236E-05,    0.181357
  9.2364E-05,    0.181809
  9.2368E-05,    0.181809
  9.2372E-05,    0.181357
  9.2376E-05,    0.181809
   9.238E-05,    0.181809
  9.2384E-05,    0.181357
  9.2388E-05,    0.181357
  9.2392E-05,    0.181809
  9.2396E-05,    0.181357
    9.24E-05,    0.181809
  9.2404E-05,    0.181357
  9.2408E-05,    0.181809
  9.2412E-05,    0.181809
  9.2416E-05,    0.181357
   9.242E-05,    0.181809
  9.2424E-05,    0.181357
  9.2428E-05,    0.181357
  9.2432E-05,    0.181809
  9.2436E-05,    0.181357
   9.244E-05,    0.181357
  9.2444E-05,    0.181357
  9.2448E-05,    0.181357
  9.2452E-05,    0.181357
  9.2456E-05,    0.181357
   9.246E-05,    0.181357
  9.2464E-05,    0.181357
  9.2468E-05,    0.180905
  9.2472E-05,    0.181357
  9.2476E-05,    0.181357
   9.248E-05,    0.181357
  9.2484E-05,    0.181357
  9.2488E-05,    0.180905
  9.2492E-05,    0.181357
  9.2496E-05,    0.180905
    9.25E-05,    0.180905
  9.2504E-05,    0.181357
  9.2508E-05,    0.181357
  9.2512E-05,    0.180905
  9.2516E-05,    0.180905
   9.252E-05,    0.180905
  9.2524E-05,    0.180905
  9.2528E-05,    0.180905
  9.2532E-05,    0.180452
  9.2536E-05,    0.180905
   9.254E-05,    0.180905
  9.2544E-05,    0.180905
  9.2548E-05,    0.180452
  9.2552E-05,    0.180452
  9.2556E-05,    0.180905
   9.256E-05,    0.180452
  9.2564E-05,        0.18
  9.2568E-05,    0.180905
  9.2572E-05,    0.180452
  9.2576E-05,        0.18
   9.258E-05,    0.180452
  9.2584E-05,    0.180452
  9.2588E-05,    0.180452
  9.2592E-05,        0.18
  9.2596E-05,        0.18
    9.26E-05,    0.180452
  9.2604E-05,        0.18
  9.2608E-05,        0.18
  9.2612E-05,        0.18
  9.2616E-05,        0.18
   9.262E-05,        0.18
  9.2624E-05,        0.18
  9.2628E-05,        0.18
  9.2632E-05,        0.18
  9.2636E-05,    0.179548
   9.264E-05,    0.179548
  9.2644E-05,        0.18
  9.2648E-05,    0.179548
  9.2652E-05,    0.179548
  9.2656E-05,    0.179548
   9.266E-05,    0.179095
  9.2664E-05,    0.179548
  9.2668E-05,    0.179095
  9.2672E-05,    0.179095
  9.2676E-05,    0.179548
   9.268E-05,    0.178643
  9.2684E-05,    0.179095
  9.2688E-05,    0.179095
  9.2692E-05,    0.179095
  9.2696E-05,    0.179095
    9.27E-05,    0.178643
  9.2704E-05,    0.179095
  9.2708E-05,    0.178643
  9.2712E-05,    0.178643
  9.2716E-05,    0.178643
   9.272E-05,    0.178191
  9.2724E-05,    0.178643
  9.2728E-05,    0.178643
  9.2732E-05,    0.178191
  9.2736E-05,    0.178643
   9.274E-05,    0.178643
  9.2744E-05,    0.178191
  9.2748E-05,    0.178191
  9.2752E-05,    0.178191
  9.2756E-05,    0.177739
   9.276E-05,    0.177739
  9.2764E-05,    0.178191
  9.2768E-05,    0.178191
  9.2772E-05,    0.177739
  9.2776E-05,    0.177286
   9.278E-05,    0.178191
  9.2784E-05,    0.177739
  9.2788E-05,    0.177286
  9.2792E-05,    0.177286
  9.2796E-05,    0.177286
    9.28E-05,    0.177739
  9.2804E-05,    0.176834
  9.2808E-05,    0.177286
  9.2812E-05,    0.177286
  9.2816E-05,    0.176834
   9.282E-05,    0.176834
  9.2824E-05,    0.177286
  9.2828E-05,    0.176834
  9.2832E-05,    0.176834
  9.2836E-05,    0.176834
   9.284E-05,    0.176834
  9.2844E-05,    0.176834
  9.2848E-05,    0.176382
  9.2852E-05,    0.176834
  9.2856E-05,    0.176834
   9.286E-05,    0.176382
  9.2864E-05,    0.176834
  9.2868E-05,    0.176382
  9.2872E-05,    0.176382
  9.2876E-05,    0.176382
   9.288E-05,    0.176382
  9.2884E-05,    0.176382
  9.2888E-05,     0.17593
  9.2892E-05,    0.176382
  9.2896E-05,    0.176382
    9.29E-05,     0.17593
  9.2904E-05,     0.17593
  9.2908E-05,     0.17593
  9.2912E-05,    0.175477
  9.2916E-05,    0.175477
   9.292E-05,     0.17593
  9.2924E-05,     0.17593
  9.2928E-05,    0.175477
  9.2932E-05,    0.175477
  9.2936E-05,    0.175477
   9.294E-05,     0.17593
  9.2944E-05,    0.175025
  9.2948E-05,    0.175025
  9.2952E-05,    0.175477
  9.2956E-05,    0.175477
   9.296E-05,    0.175025
  9.2964E-05,    0.175025
  9.2968E-05,    0.175477
  9.2972E-05,    0.175025
  9.2976E-05,    0.174573
   9.298E-05,    0.175477
  9.2984E-05,    0.175477
  9.2988E-05,    0.174573
  9.2992E-05,    0.175025
  9.2996E-05,    0.175025
     9.3E-05,    0.175025
  9.3004E-05,    0.174573
  9.3008E-05,    0.174573
  9.3012E-05,    0.175025
  9.3016E-05,    0.174573
   9.302E-05,    0.174573
  9.3024E-05,    0.175025
  9.3028E-05,    0.174573
  9.3032E-05,    0.174573
  9.3036E-05,    0.174573
   9.304E-05,    0.175025
  9.3044E-05,    0.174573
  9.3048E-05,    0.174573
  9.3052E-05,    0.174573
  9.3056E-05,    0.174573
   9.306E-05,    0.174573
  9.3064E-05,    0.174573
  9.3068E-05,    0.174573
  9.3072E-05,    0.174121
  9.3076E-05,    0.174573
   9.308E-05,    0.174573
  9.3084E-05,    0.174573
  9.3088E-05,    0.174121
  9.3092E-05,    0.174121
  9.3096E-05,    0.174573
    9.31E-05,    0.174121
  9.3104E-05,    0.174573
  9.3108E-05,    0.174573
  9.3112E-05,    0.174121
  9.3116E-05,    0.174121
   9.312E-05,    0.174573
  9.3124E-05,    0.174573
  9.3128E-05,    0.174573
  9.3132E-05,    0.174121
  9.3136E-05,    0.174573
   9.314E-05,    0.174573
  9.3144E-05,    0.174121
  9.3148E-05,    0.174573
  9.3152E-05,    0.174573
  9.3156E-05,    0.174573
   9.316E-05,    0.174573
  9.3164E-05,    0.174121
  9.3168E-05,    0.174573
  9.3172E-05,    0.174573
  9.3176E-05,    0.174573
   9.318E-05,    0.174573
  9.3184E-05,    0.174573
  9.3188E-05,    0.174573
  9.3192E-05,    0.174573
  9.3196E-05,    0.175025
    9.32E-05,    0.175477
  9.3204E-05,    0.174573
  9.3208E-05,    0.174573
  9.3212E-05,    0.175477
  9.3216E-05,    0.175477
   9.322E-05,    0.175025
  9.3224E-05,    0.175477
  9.3228E-05,    0.175477
  9.3232E-05,    0.175477
  9.3236E-05,    0.175477
   9.324E-05,     0.17593
  9.3244E-05,     0.17593
  9.3248E-05,    0.175477
  9.3252E-05,     0.17593
  9.3256E-05,    0.176382
   9.326E-05,    0.175477
  9.3264E-05,     0.17593
  9.3268E-05,     0.17593
  9.3272E-05,     0.17593
  9.3276E-05,    0.176382
   9.328E-05,    0.176382
  9.3284E-05,    0.176382
  9.3288E-05,    0.176382
  9.3292E-05,    0.176834
  9.3296E-05,    0.176834
    9.33E-05,    0.176834
  9.3304E-05,    0.176834
  9.3308E-05,    0.177286
  9.3312E-05,    0.176834
  9.3316E-05,    0.176834
   9.332E-05,    0.177286
  9.3324E-05,    0.177739
  9.3328E-05,    0.177739
  9.3332E-05,    0.177286
  9.3336E-05,    0.177739
   9.334E-05,    0.178191
  9.3344E-05,    0.177739
  9.3348E-05,    0.177739
  9.3352E-05,    0.178643
  9.3356E-05,    0.178191
   9.336E-05,    0.178191
  9.3364E-05,    0.178643
  9.3368E-05,    0.179095
  9.3372E-05,    0.178643
  9.3376E-05,    0.178191
   9.338E-05,    0.179095
  9.3384E-05,    0.179548
  9.3388E-05,    0.178643
  9.3392E-05,    0.179548
  9.3396E-05,    0.179548
    9.34E-05,    0.179548
  9.3404E-05,    0.179548
  9.3408E-05,        0.18
  9.3412E-05,    0.180452
  9.3416E-05,        0.18
   9.342E-05,        0.18
  9.3424E-05,    0.180905
  9.3428E-05,    0.180905
  9.3432E-05,    0.180905
  9.3436E-05,    0.180905
   9.344E-05,    0.181357
  9.3444E-05,    0.181809
  9.3448E-05,    0.181809
  9.3452E-05,    0.181809
  9.3456E-05,    0.181809
   9.346E-05,    0.181809
  9.3464E-05,    0.182714
  9.3468E-05,    0.182714
  9.3472E-05,    0.182261
  9.3476E-05,    0.182714
   9.348E-05,    0.183166
  9.3484E-05,    0.183166
  9.3488E-05,    0.183166
  9.3492E-05,    0.183618
  9.3496E-05,    0.183618
    9.35E-05,    0.183618
  9.3504E-05,    0.183618
  9.3508E-05,    0.184523
  9.3512E-05,     0.18407
  9.3516E-05,     0.18407
   9.352E-05,    0.184975
  9.3524E-05,    0.184975
  9.3528E-05,    0.184975
  9.3532E-05,    0.184975
  9.3536E-05,    0.184975
   9.354E-05,    0.185427
  9.3544E-05,    0.185427
  9.3548E-05,    0.185879
  9.3552E-05,    0.186332
  9.3556E-05,    0.185879
   9.356E-05,    0.186332
  9.3564E-05,    0.186784
  9.3568E-05,    0.186784
  9.3572E-05,    0.186784
  9.3576E-05,    0.186784
   9.358E-05,    0.187236
  9.3584E-05,    0.187236
  9.3588E-05,    0.187236
  9.3592E-05,    0.187688
  9.3596E-05,    0.187688
    9.36E-05,    0.187688
  9.3604E-05,    0.188141
  9.3608E-05,    0.188141
  9.3612E-05,    0.188141
  9.3616E-05,    0.188593
   9.362E-05,    0.188593
  9.3624E-05,    0.188593
  9.3628E-05,    0.188593
  9.3632E-05,    0.189045
  9.3636E-05,    0.189497
   9.364E-05,    0.189045
  9.3644E-05,    0.189045
  9.3648E-05,     0.18995
  9.3652E-05,     0.18995
  9.3656E-05,     0.18995
   9.366E-05,    0.189497
  9.3664E-05,     0.18995
  9.3668E-05,    0.190402
  9.3672E-05,    0.190402
  9.3676E-05,    0.190402
   9.368E-05,    0.190402
  9.3684E-05,    0.190402
  9.3688E-05,    0.190854
  9.3692E-05,    0.190854
  9.3696E-05,    0.190854
    9.37E-05,    0.190854
  9.3704E-05,    0.190854
  9.3708E-05,    0.191307
  9.3712E-05,    0.191307
  9.3716E-05,    0.190854
   9.372E-05,    0.191307
  9.3724E-05,    0.191307
  9.3728E-05,    0.191307
  9.3732E-05,    0.191307
  9.3736E-05,    0.191307
   9.374E-05,    0.191307
  9.3744E-05,    0.191307
  9.3748E-05,    0.191307
  9.3752E-05,    0.191307
  9.3756E-05,    0.191307
   9.376E-05,    0.191307
  9.3764E-05,    0.191759
  9.3768E-05,    0.191307
  9.3772E-05,    0.191307
  9.3776E-05,    0.191307
   9.378E-05,    0.191759
  9.3784E-05,    0.191307
  9.3788E-05,    0.190854
  9.3792E-05,    0.191307
  9.3796E-05,    0.190854
    9.38E-05,    0.190402
  9.3804E-05,    0.190854
  9.3808E-05,    0.190854
  9.3812E-05,    0.190402
  9.3816E-05,    0.190402
   9.382E-05,    0.190854
  9.3824E-05,    0.190402
  9.3828E-05,    0.189497
  9.3832E-05,     0.18995
  9.3836E-05,    0.190402
   9.384E-05,     0.18995
  9.3844E-05,    0.189497
  9.3848E-05,    0.189497
  9.3852E-05,    0.189497
  9.3856E-05,    0.189045
   9.386E-05,    0.188593
  9.3864E-05,    0.189045
  9.3868E-05,    0.188141
  9.3872E-05,    0.187688
  9.3876E-05,    0.188141
   9.388E-05,    0.188141
  9.3884E-05,    0.187236
  9.3888E-05,    0.186784
  9.3892E-05,    0.186784
  9.3896E-05,    0.186332
    9.39E-05,    0.186332
  9.3904E-05,    0.185879
  9.3908E-05,    0.185427
  9.3912E-05,    0.184975
  9.3916E-05,    0.184975
   9.392E-05,    0.184523
  9.3924E-05,     0.18407
  9.3928E-05,    0.183618
  9.3932E-05,    0.183166
  9.3936E-05,    0.182714
   9.394E-05,    0.182714
  9.3944E-05,    0.182261
  9.3948E-05,    0.181357
  9.3952E-05,    0.180905
  9.3956E-05,    0.180452
   9.396E-05,        0.18
  9.3964E-05,        0.18
  9.3968E-05,    0.179095
  9.3972E-05,    0.178191
  9.3976E-05,    0.177739
   9.398E-05,    0.177739
  9.3984E-05,    0.176834
  9.3988E-05,     0.17593
  9.3992E-05,     0.17593
  9.3996E-05,    0.175477
     9.4E-05,    0.174121
  9.4004E-05,    0.173668
  9.4008E-05,    0.173216
  9.4012E-05,    0.172312
  9.4016E-05,    0.171859
   9.402E-05,    0.170955
  9.4024E-05,    0.170503
  9.4028E-05,    0.169598
  9.4032E-05,    0.168693
  9.4036E-05,    0.168241
   9.404E-05,    0.167789
  9.4044E-05,    0.166884
  9.4048E-05,     0.16598
  9.4052E-05,    0.165075
  9.4056E-05,    0.164623
   9.406E-05,    0.163719
  9.4064E-05,    0.162362
  9.4068E-05,     0.16191
  9.4072E-05,    0.161005
  9.4076E-05,    0.160101
   9.408E-05,    0.159196
  9.4084E-05,    0.158291
  9.4088E-05,    0.157839
  9.4092E-05,    0.156482
  9.4096E-05,    0.155578
    9.41E-05,    0.155126
  9.4104E-05,    0.153317
  9.4108E-05,    0.152412
  9.4112E-05,     0.15196
  9.4116E-05,    0.150603
   9.412E-05,    0.149246
  9.4124E-05,    0.148794
  9.4128E-05,    0.147437
  9.4132E-05,    0.146533
  9.4136E-05,    0.145176
   9.414E-05,    0.144271
  9.4144E-05,    0.142915
  9.4148E-05,     0.14201
  9.4152E-05,    0.141106
  9.4156E-05,    0.139749
   9.416E-05,    0.138392
  9.4164E-05,    0.137487
  9.4168E-05,    0.136583
  9.4172E-05,    0.134774
  9.4176E-05,    0.133417
   9.418E-05,    0.132513
  9.4184E-05,    0.131608
  9.4188E-05,    0.129799
  9.4192E-05,    0.128894
  9.4196E-05,     0.12799
    9.42E-05,    0.125729
  9.4204E-05,    0.124824
  9.4208E-05,    0.124372
  9.4212E-05,    0.122563
  9.4216E-05,    0.120754
   9.422E-05,    0.119397
  9.4224E-05,    0.118492
  9.4228E-05,    0.117136
  9.4232E-05,    0.115327
  9.4236E-05,    0.114422
   9.424E-05,    0.113065
  9.4244E-05,    0.111256
  9.4248E-05,    0.110352
  9.4252E-05,    0.108995
  9.4256E-05,    0.107186
   9.426E-05,    0.105377
  9.4264E-05,     0.10402
  9.4268E-05,    0.103116
  9.4272E-05,    0.101307
  9.4276E-05,   0.0994975
   9.428E-05,    0.098593
  9.4284E-05,   0.0967839
  9.4288E-05,   0.0954271
  9.4292E-05,   0.0940704
  9.4296E-05,   0.0927136
    9.43E-05,   0.0913568
  9.4304E-05,   0.0895477
  9.4308E-05,   0.0877387
  9.4312E-05,   0.0868342
  9.4316E-05,   0.0850251
   9.432E-05,   0.0832161
  9.4324E-05,   0.0818593
  9.4328E-05,   0.0805025
  9.4332E-05,   0.0791457
  9.4336E-05,   0.0773367
   9.434E-05,   0.0755276
  9.4344E-05,   0.0746231
  9.4348E-05,   0.0728141
  9.4352E-05,    0.071005
  9.4356E-05,   0.0696482
   9.436E-05,   0.0678392
  9.4364E-05,   0.0660302
  9.4368E-05,   0.0646734
  9.4372E-05,   0.0628643
  9.4376E-05,   0.0615075
   9.438E-05,   0.0596985
  9.4384E-05,   0.0578894
  9.4388E-05,   0.0565327
  9.4392E-05,   0.0551759
  9.4396E-05,   0.0538191
    9.44E-05,   0.0515578
  9.4404E-05,    0.050201
  9.4408E-05,   0.0488442
  9.4412E-05,   0.0470352
  9.4416E-05,   0.0456784
   9.442E-05,   0.0443216
  9.4424E-05,   0.0425126
  9.4428E-05,   0.0407035
  9.4432E-05,   0.0388945
  9.4436E-05,   0.0379899
   9.444E-05,   0.0366332
  9.4444E-05,   0.0343719
  9.4448E-05,   0.0330151
  9.4452E-05,   0.0321106
  9.4456E-05,   0.0298492
   9.446E-05,   0.0284925
  9.4464E-05,   0.0271357
  9.4468E-05,   0.0257789
  9.4472E-05,   0.0239698
  9.4476E-05,   0.0221608
   9.448E-05,   0.0212563
  9.4484E-05,   0.0194472
  9.4488E-05,   0.0180905
  9.4492E-05,   0.0171859
  9.4496E-05,   0.0149246
    9.45E-05,   0.0135678
  9.4504E-05,   0.0122111
  9.4508E-05,   0.0113065
  9.4512E-05,  0.00949749
  9.4516E-05,   0.0081407
   9.452E-05,  0.00678392
  9.4524E-05,  0.00542714
  9.4528E-05,  0.00407035
  9.4532E-05,  0.00271357
  9.4536E-05, 0.000904523
   9.454E-05,           0
  9.4544E-05,-0.000904523
  9.4548E-05, -0.00226131
  9.4552E-05, -0.00407035
  9.4556E-05, -0.00542714
   9.456E-05, -0.00633166
  9.4564E-05, -0.00768844
  9.4568E-05, -0.00859297
  9.4572E-05, -0.00994975
  9.4576E-05,  -0.0113065
   9.458E-05,  -0.0126633
  9.4584E-05,  -0.0135678
  9.4588E-05,  -0.0144724
  9.4592E-05,  -0.0158291
  9.4596E-05,  -0.0171859
    9.46E-05,  -0.0180905
  9.4604E-05,  -0.0185427
  9.4608E-05,  -0.0198995
  9.4612E-05,  -0.0217085
  9.4616E-05,  -0.0221608
   9.462E-05,  -0.0226131
  9.4624E-05,  -0.0239698
  9.4628E-05,  -0.0248744
  9.4632E-05,  -0.0257789
  9.4636E-05,  -0.0266834
   9.464E-05,  -0.0275879
  9.4644E-05,  -0.0284925
  9.4648E-05,  -0.0284925
  9.4652E-05,  -0.0298492
  9.4656E-05,   -0.031206
   9.466E-05,   -0.031206
  9.4664E-05,  -0.0316583
  9.4668E-05,  -0.0325628
  9.4672E-05,  -0.0330151
  9.4676E-05,  -0.0339196
   9.468E-05,  -0.0343719
  9.4684E-05,  -0.0352764
  9.4688E-05,  -0.0357286
  9.4692E-05,  -0.0357286
  9.4696E-05,  -0.0366332
    9.47E-05,  -0.0375377
  9.4704E-05,  -0.0375377
  9.4708E-05,  -0.0379899
  9.4712E-05,  -0.0384422
  9.4716E-05,  -0.0384422
   9.472E-05,  -0.0388945
  9.4724E-05,  -0.0393467
  9.4728E-05,   -0.039799
  9.4732E-05,   -0.039799
  9.4736E-05,   -0.039799
   9.474E-05,  -0.0402513
  9.4744E-05,   -0.039799
  9.4748E-05,  -0.0402513
  9.4752E-05,  -0.0407035
  9.4756E-05,  -0.0407035
   9.476E-05,  -0.0402513
  9.4764E-05,  -0.0402513
  9.4768E-05,  -0.0402513
  9.4772E-05,  -0.0402513
  9.4776E-05,  -0.0402513
   9.478E-05,  -0.0402513
  9.4784E-05,  -0.0402513
  9.4788E-05,   -0.039799
  9.4792E-05,  -0.0393467
  9.4796E-05,  -0.0393467
    9.48E-05,  -0.0388945
  9.4804E-05,  -0.0384422
  9.4808E-05,  -0.0379899
  9.4812E-05,  -0.0379899
  9.4816E-05,  -0.0370854
   9.482E-05,  -0.0361809
  9.4824E-05,  -0.0361809
  9.4828E-05,  -0.0357286
  9.4832E-05,  -0.0348241
  9.4836E-05,  -0.0339196
   9.484E-05,  -0.0334673
  9.4844E-05,  -0.0330151
  9.4848E-05,  -0.0321106
  9.4852E-05,  -0.0316583
  9.4856E-05,  -0.0307538
   9.486E-05,   -0.029397
  9.4864E-05,  -0.0289447
  9.4868E-05,  -0.0280402
  9.4872E-05,  -0.0266834
  9.4876E-05,  -0.0262312
   9.488E-05,  -0.0248744
  9.4884E-05,  -0.0235176
  9.4888E-05,  -0.0230653
  9.4892E-05,  -0.0217085
  9.4896E-05,   -0.020804
    9.49E-05,  -0.0194472
  9.4904E-05,  -0.0180905
  9.4908E-05,  -0.0171859
  9.4912E-05,  -0.0153769
  9.4916E-05,  -0.0144724
   9.492E-05,  -0.0131156
  9.4924E-05,  -0.0113065
  9.4928E-05,   -0.010402
  9.4932E-05, -0.00859297
  9.4936E-05, -0.00723618
   9.494E-05, -0.00542714
  9.4944E-05, -0.00407035
  9.4948E-05, -0.00271357
  9.4952E-05, -0.00135678
  9.4956E-05, 0.000904523
   9.496E-05,  0.00226131
  9.4964E-05,  0.00407035
  9.4968E-05,   0.0058794
  9.4972E-05,  0.00723618
  9.4976E-05,  0.00949749
   9.498E-05,   0.0113065
  9.4984E-05,   0.0131156
  9.4988E-05,   0.0149246
  9.4992E-05,   0.0171859
  9.4996E-05,    0.018995
     9.5E-05,   0.0212563
  9.5004E-05,   0.0230653
  9.5008E-05,   0.0248744
  9.5012E-05,   0.0271357
  9.5016E-05,    0.029397
   9.502E-05,   0.0316583
  9.5024E-05,   0.0339196
  9.5028E-05,   0.0357286
  9.5032E-05,   0.0384422
  9.5036E-05,   0.0402513
   9.504E-05,   0.0429648
  9.5044E-05,   0.0452261
  9.5048E-05,   0.0474874
  9.5052E-05,   0.0497487
  9.5056E-05,     0.05201
   9.506E-05,   0.0551759
  9.5064E-05,   0.0574372
  9.5068E-05,   0.0596985
  9.5072E-05,   0.0624121
  9.5076E-05,   0.0646734
   9.508E-05,   0.0669347
  9.5084E-05,   0.0701005
  9.5088E-05,   0.0719095
  9.5092E-05,   0.0750754
  9.5096E-05,   0.0777889
    9.51E-05,   0.0805025
  9.5104E-05,   0.0832161
  9.5108E-05,   0.0854774
  9.5112E-05,   0.0886432
  9.5116E-05,    0.091809
   9.512E-05,   0.0940704
  9.5124E-05,   0.0967839
  9.5128E-05,   0.0999497
  9.5132E-05,    0.102663
  9.5136E-05,    0.105829
   9.514E-05,     0.10809
  9.5144E-05,    0.110804
  9.5148E-05,    0.114422
  9.5152E-05,    0.117136
  9.5156E-05,    0.119849
   9.516E-05,    0.122563
  9.5164E-05,    0.125729
  9.5168E-05,    0.128894
  9.5172E-05,    0.131608
  9.5176E-05,    0.134774
   9.518E-05,    0.137487
  9.5184E-05,    0.140201
  9.5188E-05,    0.143819
  9.5192E-05,    0.146985
  9.5196E-05,    0.149246
    9.52E-05,    0.152864
  9.5204E-05,    0.155578
  9.5208E-05,    0.159196
  9.5212E-05,     0.16191
  9.5216E-05,    0.165075
   9.522E-05,    0.168241
  9.5224E-05,    0.170955
  9.5228E-05,    0.174573
  9.5232E-05,    0.177739
  9.5236E-05,    0.180452
   9.524E-05,    0.183618
  9.5244E-05,    0.187236
  9.5248E-05,     0.18995
  9.5252E-05,    0.192663
  9.5256E-05,    0.196281
   9.526E-05,    0.199447
  9.5264E-05,    0.202161
  9.5268E-05,    0.205327
  9.5272E-05,    0.208945
  9.5276E-05,    0.211658
   9.528E-05,    0.214372
  9.5284E-05,     0.21799
  9.5288E-05,    0.221156
  9.5292E-05,    0.224322
  9.5296E-05,    0.227035
    9.53E-05,    0.230201
  9.5304E-05,    0.233367
  9.5308E-05,    0.236985
  9.5312E-05,    0.239246
  9.5316E-05,    0.242412
   9.532E-05,    0.245126
  9.5324E-05,    0.248291
  9.5328E-05,     0.25191
  9.5332E-05,    0.254171
  9.5336E-05,    0.257337
   9.534E-05,    0.260503
  9.5344E-05,    0.263216
  9.5348E-05,    0.266382
  9.5352E-05,    0.269095
  9.5356E-05,    0.272261
   9.536E-05,    0.274523
  9.5364E-05,    0.277688
  9.5368E-05,    0.280854
  9.5372E-05,    0.283568
  9.5376E-05,    0.285829
   9.538E-05,    0.288543
  9.5384E-05,    0.291709
  9.5388E-05,    0.294422
  9.5392E-05,    0.296683
  9.5396E-05,    0.299849
    9.54E-05,    0.302563
  9.5404E-05,    0.304824
  9.5408E-05,    0.307538
  9.5412E-05,    0.310251
  9.5416E-05,    0.312965
   9.542E-05,    0.315226
  9.5424E-05,     0.31794
  9.5428E-05,    0.320201
  9.5432E-05,    0.322462
  9.5436E-05,    0.325176
   9.544E-05,    0.327889
  9.5444E-05,    0.330151
  9.5448E-05,     0.33196
  9.5452E-05,    0.334673
  9.5456E-05,    0.336935
   9.546E-05,    0.339196
  9.5464E-05,    0.341457
  9.5468E-05,    0.343719
  9.5472E-05,     0.34598
  9.5476E-05,    0.347789
   9.548E-05,     0.35005
  9.5484E-05,    0.352312
  9.5488E-05,    0.354121
  9.5492E-05,    0.356382
  9.5496E-05,    0.358191
    9.55E-05,    0.360452
  9.5504E-05,    0.362261
  9.5508E-05,     0.36407
  9.5512E-05,    0.365879
  9.5516E-05,    0.367688
   9.552E-05,    0.369497
  9.5524E-05,    0.371759
  9.5528E-05,    0.373116
  9.5532E-05,    0.374472
  9.5536E-05,    0.376281
   9.554E-05,     0.37809
  9.5544E-05,      0.3799
  9.5548E-05,    0.381256
  9.5552E-05,    0.382613
  9.5556E-05,     0.38397
   9.556E-05,    0.385779
  9.5564E-05,    0.387136
  9.5568E-05,    0.388492
  9.5572E-05,    0.389397
  9.5576E-05,    0.390754
   9.558E-05,    0.392563
  9.5584E-05,    0.393467
  9.5588E-05,    0.394372
  9.5592E-05,    0.395729
  9.5596E-05,    0.396633
    9.56E-05,     0.39799
  9.5604E-05,    0.398894
  9.5608E-05,    0.399799
  9.5612E-05,    0.400704
  9.5616E-05,    0.401608
   9.562E-05,    0.402513
  9.5624E-05,    0.403417
  9.5628E-05,    0.404322
  9.5632E-05,    0.404774
  9.5636E-05,    0.405226
   9.564E-05,    0.406131
  9.5644E-05,    0.407035
  9.5648E-05,    0.407487
  9.5652E-05,     0.40794
  9.5656E-05,     0.40794
   9.566E-05,    0.408844
  9.5664E-05,    0.409296
  9.5668E-05,    0.409296
  9.5672E-05,    0.409749
  9.5676E-05,    0.410201
   9.568E-05,    0.410201
  9.5684E-05,    0.410201
  9.5688E-05,    0.410201
  9.5692E-05,    0.411106
  9.5696E-05,    0.410653
    9.57E-05,    0.410201
  9.5704E-05,    0.410653
  9.5708E-05,    0.411106
  9.5712E-05,    0.410201
  9.5716E-05,    0.410201
   9.572E-05,    0.410201
  9.5724E-05,    0.410201
  9.5728E-05,    0.409749
  9.5732E-05,    0.409296
  9.5736E-05,    0.409296
   9.574E-05,    0.408844
  9.5744E-05,     0.40794
  9.5748E-05,     0.40794
  9.5752E-05,    0.407487
  9.5756E-05,    0.406583
   9.576E-05,    0.406131
  9.5764E-05,    0.405226
  9.5768E-05,    0.405226
  9.5772E-05,    0.404322
  9.5776E-05,    0.403417
   9.578E-05,    0.402513
  9.5784E-05,    0.401608
  9.5788E-05,    0.401156
  9.5792E-05,    0.400251
  9.5796E-05,    0.398894
    9.58E-05,    0.398442
  9.5804E-05,    0.397085
  9.5808E-05,    0.395729
  9.5812E-05,    0.394824
  9.5816E-05,     0.39392
   9.582E-05,    0.393015
  9.5824E-05,    0.391206
  9.5828E-05,    0.390301
  9.5832E-05,    0.388945
  9.5836E-05,    0.387588
   9.584E-05,    0.386683
  9.5844E-05,    0.385327
  9.5848E-05,    0.383518
  9.5852E-05,    0.382161
  9.5856E-05,    0.380804
   9.586E-05,    0.378995
  9.5864E-05,    0.377638
  9.5868E-05,    0.375829
  9.5872E-05,    0.374925
  9.5876E-05,    0.373116
   9.588E-05,    0.370854
  9.5884E-05,     0.36995
  9.5888E-05,    0.367688
  9.5892E-05,    0.366332
  9.5896E-05,    0.364523
    9.59E-05,    0.362714
  9.5904E-05,    0.360905
  9.5908E-05,    0.359095
  9.5912E-05,    0.357286
  9.5916E-05,    0.355477
   9.592E-05,    0.353216
  9.5924E-05,    0.350955
  9.5928E-05,    0.349598
  9.5932E-05,    0.347789
  9.5936E-05,    0.345528
   9.594E-05,    0.343266
  9.5944E-05,    0.341457
  9.5948E-05,    0.339648
  9.5952E-05,    0.336935
  9.5956E-05,    0.334673
   9.596E-05,    0.332864
  9.5964E-05,    0.330603
  9.5968E-05,    0.327889
  9.5972E-05,     0.32608
  9.5976E-05,    0.323819
   9.598E-05,    0.321106
  9.5984E-05,    0.319296
  9.5988E-05,    0.317035
  9.5992E-05,    0.314774
  9.5996E-05,     0.31206
     9.6E-05,    0.309799
  9.6004E-05,    0.307538
  9.6008E-05,    0.304824
  9.6012E-05,    0.302563
  9.6016E-05,    0.300301
   9.602E-05,    0.297588
  9.6024E-05,    0.295327
  9.6028E-05,    0.292613
  9.6032E-05,    0.290352
  9.6036E-05,    0.287638
   9.604E-05,    0.284925
  9.6044E-05,    0.282663
  9.6048E-05,    0.279497
  9.6052E-05,    0.277688
  9.6056E-05,    0.275427
   9.606E-05,    0.272261
  9.6064E-05,    0.269548
  9.6068E-05,    0.267286
  9.6072E-05,    0.264573
  9.6076E-05,    0.261859
   9.608E-05,    0.259146
  9.6084E-05,    0.256432
  9.6088E-05,    0.254171
  9.6092E-05,    0.251457
  9.6096E-05,    0.248744
    9.61E-05,     0.24603
  9.6104E-05,    0.243317
  9.6108E-05,    0.241055
  9.6112E-05,    0.237889
  9.6116E-05,    0.235176
   9.612E-05,    0.232915
  9.6124E-05,    0.230201
  9.6128E-05,    0.227487
  9.6132E-05,    0.224774
  9.6136E-05,     0.22206
   9.614E-05,    0.219347
  9.6144E-05,    0.216633
  9.6148E-05,     0.21392
  9.6152E-05,    0.211658
  9.6156E-05,    0.208492
   9.616E-05,    0.205779
  9.6164E-05,    0.203065
  9.6168E-05,    0.200804
  9.6172E-05,     0.19809
  9.6176E-05,    0.194925
   9.618E-05,    0.192663
  9.6184E-05,     0.18995
  9.6188E-05,    0.187236
  9.6192E-05,    0.184975
  9.6196E-05,    0.181809
    9.62E-05,    0.179548
  9.6204E-05,    0.176834
  9.6208E-05,    0.174121
  9.6212E-05,    0.171859
  9.6216E-05,    0.168693
   9.622E-05,     0.16598
  9.6224E-05,    0.164171
  9.6228E-05,    0.161457
  9.6232E-05,    0.158744
  9.6236E-05,     0.15603
   9.624E-05,    0.153769
  9.6244E-05,    0.151508
  9.6248E-05,    0.148794
  9.6252E-05,    0.146533
  9.6256E-05,    0.144271
   9.626E-05,    0.141106
  9.6264E-05,    0.138844
  9.6268E-05,    0.137035
  9.6272E-05,    0.134322
  9.6276E-05,    0.131608
   9.628E-05,    0.129347
  9.6284E-05,    0.127085
  9.6288E-05,    0.124824
  9.6292E-05,    0.122563
  9.6296E-05,    0.119849
    9.63E-05,    0.117588
  9.6304E-05,    0.115779
  9.6308E-05,    0.113518
  9.6312E-05,    0.110804
  9.6316E-05,    0.108995
   9.632E-05,    0.106734
  9.6324E-05,    0.104472
  9.6328E-05,    0.102211
  9.6332E-05,    0.100402
  9.6336E-05,   0.0981407
   9.634E-05,   0.0958794
  9.6344E-05,   0.0940704
  9.6348E-05,    0.091809
  9.6352E-05,   0.0895477
  9.6356E-05,   0.0877387
   9.636E-05,   0.0863819
  9.6364E-05,   0.0836683
  9.6368E-05,   0.0818593
  9.6372E-05,   0.0800503
  9.6376E-05,   0.0782412
   9.638E-05,   0.0764322
  9.6384E-05,   0.0746231
  9.6388E-05,   0.0723618
  9.6392E-05,    0.071005
  9.6396E-05,    0.069196
    9.64E-05,   0.0673869
  9.6404E-05,   0.0655779
  9.6408E-05,   0.0642211
  9.6412E-05,   0.0624121
  9.6416E-05,   0.0610553
   9.642E-05,   0.0592462
  9.6424E-05,   0.0578894
  9.6428E-05,   0.0560804
  9.6432E-05,   0.0542714
  9.6436E-05,   0.0529146
   9.644E-05,   0.0515578
  9.6444E-05,   0.0497487
  9.6448E-05,    0.048392
  9.6452E-05,   0.0470352
  9.6456E-05,   0.0456784
   9.646E-05,   0.0443216
  9.6464E-05,   0.0429648
  9.6468E-05,   0.0420603
  9.6472E-05,   0.0402513
  9.6476E-05,   0.0393467
   9.648E-05,   0.0379899
  9.6484E-05,   0.0366332
  9.6488E-05,   0.0352764
  9.6492E-05,   0.0343719
  9.6496E-05,   0.0330151
    9.65E-05,   0.0321106
  9.6504E-05,   0.0307538
  9.6508E-05,   0.0298492
  9.6512E-05,   0.0289447
  9.6516E-05,   0.0280402
   9.652E-05,   0.0271357
  9.6524E-05,   0.0257789
  9.6528E-05,   0.0248744
  9.6532E-05,   0.0239698
  9.6536E-05,   0.0235176
   9.654E-05,   0.0226131
  9.6544E-05,   0.0217085
  9.6548E-05,   0.0212563
  9.6552E-05,   0.0198995
  9.6556E-05,    0.018995
   9.656E-05,   0.0185427
  9.6564E-05,   0.0180905
  9.6568E-05,   0.0171859
  9.6572E-05,   0.0167337
  9.6576E-05,   0.0158291
   9.658E-05,   0.0153769
  9.6584E-05,   0.0149246
  9.6588E-05,   0.0140201
  9.6592E-05,   0.0135678
  9.6596E-05,   0.0131156
    9.66E-05,   0.0126633
  9.6604E-05,   0.0122111
  9.6608E-05,   0.0117588
  9.6612E-05,   0.0113065
  9.6616E-05,   0.0113065
   9.662E-05,    0.010402
  9.6624E-05,    0.010402
  9.6628E-05,  0.00994975
  9.6632E-05,  0.00994975
  9.6636E-05,  0.00949749
   9.664E-05,  0.00904523
  9.6644E-05,  0.00904523
  9.6648E-05,  0.00904523
  9.6652E-05,  0.00859297
  9.6656E-05,  0.00859297
   9.666E-05,   0.0081407
  9.6664E-05,   0.0081407
  9.6668E-05,  0.00859297
  9.6672E-05,   0.0081407
  9.6676E-05,  0.00768844
   9.668E-05,   0.0081407
  9.6684E-05,   0.0081407
  9.6688E-05,   0.0081407
  9.6692E-05,   0.0081407
  9.6696E-05,   0.0081407
    9.67E-05,  0.00859297
  9.6704E-05,   0.0081407
  9.6708E-05,  0.00859297
  9.6712E-05,  0.00859297
  9.6716E-05,  0.00859297
   9.672E-05,  0.00904523
  9.6724E-05,  0.00904523
  9.6728E-05,  0.00949749
  9.6732E-05,  0.00949749
  9.6736E-05,  0.00949749
   9.674E-05,  0.00994975
  9.6744E-05,    0.010402
  9.6748E-05,    0.010402
  9.6752E-05,   0.0108543
  9.6756E-05,   0.0113065
   9.676E-05,   0.0113065
  9.6764E-05,   0.0117588
  9.6768E-05,   0.0117588
  9.6772E-05,   0.0126633
  9.6776E-05,   0.0131156
   9.678E-05,   0.0131156
  9.6784E-05,   0.0135678
  9.6788E-05,   0.0140201
  9.6792E-05,   0.0144724
  9.6796E-05,   0.0153769
    9.68E-05,   0.0153769
  9.6804E-05,   0.0158291
  9.6808E-05,   0.0162814
  9.6812E-05,   0.0171859
  9.6816E-05,   0.0176382
   9.682E-05,   0.0176382
  9.6824E-05,   0.0185427
  9.6828E-05,   0.0194472
  9.6832E-05,   0.0194472
  9.6836E-05,   0.0203518
   9.684E-05,    0.020804
  9.6844E-05,   0.0212563
  9.6848E-05,   0.0221608
  9.6852E-05,   0.0226131
  9.6856E-05,   0.0235176
   9.686E-05,   0.0239698
  9.6864E-05,   0.0239698
  9.6868E-05,   0.0257789
  9.6872E-05,   0.0262312
  9.6876E-05,   0.0266834
   9.688E-05,   0.0275879
  9.6884E-05,   0.0280402
  9.6888E-05,   0.0284925
  9.6892E-05,    0.029397
  9.6896E-05,   0.0298492
    9.69E-05,    0.031206
  9.6904E-05,   0.0307538
  9.6908E-05,   0.0316583
  9.6912E-05,   0.0334673
  9.6916E-05,   0.0334673
   9.692E-05,   0.0343719
  9.6924E-05,   0.0348241
  9.6928E-05,   0.0361809
  9.6932E-05,   0.0366332
  9.6936E-05,   0.0370854
   9.694E-05,   0.0379899
  9.6944E-05,   0.0393467
  9.6948E-05,   0.0393467
  9.6952E-05,   0.0402513
  9.6956E-05,   0.0411558
   9.696E-05,   0.0420603
  9.6964E-05,   0.0425126
  9.6968E-05,   0.0434171
  9.6972E-05,   0.0443216
  9.6976E-05,   0.0447739
   9.698E-05,   0.0452261
  9.6984E-05,   0.0470352
  9.6988E-05,   0.0474874
  9.6992E-05,   0.0479397
  9.6996E-05,   0.0488442
     9.7E-05,    0.050201
  9.7004E-05,   0.0506533
  9.7008E-05,   0.0511055
  9.7012E-05,     0.05201
  9.7016E-05,   0.0529146
   9.702E-05,   0.0538191
  9.7024E-05,   0.0547236
  9.7028E-05,   0.0556281
  9.7032E-05,   0.0556281
  9.7036E-05,   0.0565327
   9.704E-05,   0.0578894
  9.7044E-05,   0.0583417
  9.7048E-05,   0.0592462
  9.7052E-05,   0.0601508
  9.7056E-05,    0.060603
   9.706E-05,   0.0615075
  9.7064E-05,   0.0624121
  9.7068E-05,   0.0633166
  9.7072E-05,   0.0637688
  9.7076E-05,   0.0642211
   9.708E-05,   0.0655779
  9.7084E-05,   0.0664824
  9.7088E-05,   0.0664824
  9.7092E-05,   0.0673869
  9.7096E-05,   0.0682915
    9.71E-05,    0.069196
  9.7104E-05,   0.0701005
  9.7108E-05,   0.0705528
  9.7112E-05,   0.0719095
  9.7116E-05,   0.0723618
   9.712E-05,   0.0728141
  9.7124E-05,   0.0741709
  9.7128E-05,   0.0746231
  9.7132E-05,   0.0755276
  9.7136E-05,   0.0759799
   9.714E-05,   0.0764322
  9.7144E-05,   0.0777889
  9.7148E-05,   0.0777889
  9.7152E-05,   0.0786935
  9.7156E-05,    0.079598
   9.716E-05,   0.0800503
  9.7164E-05,   0.0809548
  9.7168E-05,   0.0818593
  9.7172E-05,   0.0823116
  9.7176E-05,   0.0827638
   9.718E-05,   0.0832161
  9.7184E-05,   0.0845729
  9.7188E-05,   0.0845729
  9.7192E-05,   0.0859296
  9.7196E-05,   0.0868342
    9.72E-05,   0.0863819
  9.7204E-05,   0.0872864
  9.7208E-05,   0.0886432
  9.7212E-05,   0.0890955
  9.7216E-05,   0.0890955
   9.722E-05,        0.09
  9.7224E-05,   0.0909045
  9.7228E-05,   0.0913568
  9.7232E-05,   0.0913568
  9.7236E-05,   0.0927136
   9.724E-05,   0.0931658
  9.7244E-05,   0.0936181
  9.7248E-05,   0.0945226
  9.7252E-05,   0.0949749
  9.7256E-05,   0.0954271
   9.726E-05,   0.0958794
  9.7264E-05,   0.0963317
  9.7268E-05,   0.0972362
  9.7272E-05,   0.0972362
  9.7276E-05,   0.0981407
   9.728E-05,    0.098593
  9.7284E-05,   0.0994975
  9.7288E-05,   0.0999497
  9.7292E-05,    0.100402
  9.7296E-05,    0.100854
    9.73E-05,    0.101759
  9.7304E-05,    0.101759
  9.7308E-05,    0.102211
  9.7312E-05,    0.102663
  9.7316E-05,    0.103568
   9.732E-05,     0.10402
  9.7324E-05,     0.10402
  9.7328E-05,    0.104925
  9.7332E-05,    0.105377
  9.7336E-05,    0.105829
   9.734E-05,    0.106281
  9.7344E-05,    0.106734
  9.7348E-05,    0.106734
  9.7352E-05,    0.107638
  9.7356E-05,     0.10809
   9.736E-05,    0.108543
  9.7364E-05,    0.108543
  9.7368E-05,    0.109447
  9.7372E-05,    0.109899
  9.7376E-05,    0.110352
   9.738E-05,    0.110352
  9.7384E-05,    0.110804
  9.7388E-05,    0.111256
  9.7392E-05,    0.111709
  9.7396E-05,    0.112161
    9.74E-05,    0.112613
  9.7404E-05,    0.113065
  9.7408E-05,    0.113518
  9.7412E-05,     0.11397
  9.7416E-05,    0.114422
   9.742E-05,    0.114874
  9.7424E-05,    0.114874
  9.7428E-05,    0.115327
  9.7432E-05,    0.115779
  9.7436E-05,    0.116231
   9.744E-05,    0.116231
  9.7444E-05,    0.116683
  9.7448E-05,    0.117136
  9.7452E-05,    0.117588
  9.7456E-05,    0.117588
   9.746E-05,     0.11804
  9.7464E-05,    0.118492
  9.7468E-05,    0.118945
  9.7472E-05,    0.118945
  9.7476E-05,    0.119397
   9.748E-05,    0.119849
  9.7484E-05,    0.119849
  9.7488E-05,    0.120302
  9.7492E-05,    0.120754
  9.7496E-05,    0.120754
    9.75E-05,    0.121206
  9.7504E-05,    0.121658
  9.7508E-05,    0.121658
  9.7512E-05,    0.122111
  9.7516E-05,    0.122563
   9.752E-05,    0.122563
  9.7524E-05,    0.123015
  9.7528E-05,    0.123467
  9.7532E-05,     0.12392
  9.7536E-05,     0.12392
   9.754E-05,     0.12392
  9.7544E-05,    0.124824
  9.7548E-05,    0.124824
  9.7552E-05,    0.124824
  9.7556E-05,    0.125276
   9.756E-05,    0.125729
  9.7564E-05,    0.125729
  9.7568E-05,    0.125729
  9.7572E-05,    0.126181
  9.7576E-05,    0.127085
   9.758E-05,    0.126633
  9.7584E-05,    0.127085
  9.7588E-05,    0.127538
  9.7592E-05,    0.127538
  9.7596E-05,    0.127538
    9.76E-05,     0.12799
  9.7604E-05,    0.128442
  9.7608E-05,    0.128894
  9.7612E-05,    0.128442
  9.7616E-05,    0.128894
   9.762E-05,    0.129347
  9.7624E-05,    0.129347
  9.7628E-05,    0.129799
  9.7632E-05,    0.129799
  9.7636E-05,    0.130251
   9.764E-05,    0.130251
  9.7644E-05,    0.130251
  9.7648E-05,    0.131156
  9.7652E-05,    0.131156
  9.7656E-05,    0.130704
   9.766E-05,    0.131156
  9.7664E-05,    0.131608
  9.7668E-05,     0.13206
  9.7672E-05,    0.131608
  9.7676E-05,    0.132513
   9.768E-05,    0.132513
  9.7684E-05,    0.132513
  9.7688E-05,    0.132965
  9.7692E-05,    0.133417
  9.7696E-05,    0.132965
    9.77E-05,    0.133417
  9.7704E-05,    0.133869
  9.7708E-05,    0.133869
  9.7712E-05,    0.133869
  9.7716E-05,    0.134322
   9.772E-05,    0.134322
  9.7724E-05,    0.134774
  9.7728E-05,    0.134774
  9.7732E-05,    0.135226
  9.7736E-05,    0.135226
   9.774E-05,    0.135226
  9.7744E-05,    0.135678
  9.7748E-05,    0.136131
  9.7752E-05,    0.135678
  9.7756E-05,    0.136131
   9.776E-05,    0.136583
  9.7764E-05,    0.136131
  9.7768E-05,    0.136583
  9.7772E-05,    0.137035
  9.7776E-05,    0.137035
   9.778E-05,    0.137035
  9.7784E-05,    0.137035
  9.7788E-05,     0.13794
  9.7792E-05,     0.13794
  9.7796E-05,    0.137035
    9.78E-05,     0.13794
  9.7804E-05,     0.13794
  9.7808E-05,    0.138392
  9.7812E-05,     0.13794
  9.7816E-05,    0.138844
   9.782E-05,    0.139296
  9.7824E-05,    0.138392
  9.7828E-05,    0.138844
  9.7832E-05,    0.139296
  9.7836E-05,    0.139296
   9.784E-05,    0.139749
  9.7844E-05,    0.139296
  9.7848E-05,    0.139749
  9.7852E-05,    0.140201
  9.7856E-05,    0.139749
   9.786E-05,    0.140201
  9.7864E-05,    0.140201
  9.7868E-05,    0.140201
  9.7872E-05,    0.140653
  9.7876E-05,    0.140653
   9.788E-05,    0.140653
  9.7884E-05,    0.141106
  9.7888E-05,    0.140653
  9.7892E-05,    0.141558
  9.7896E-05,    0.141558
    9.79E-05,    0.141558
  9.7904E-05,    0.141106
  9.7908E-05,    0.141558
  9.7912E-05,     0.14201
  9.7916E-05,     0.14201
   9.792E-05,     0.14201
  9.7924E-05,     0.14201
  9.7928E-05,     0.14201
  9.7932E-05,     0.14201
  9.7936E-05,    0.142462
   9.794E-05,    0.142462
  9.7944E-05,    0.142462
  9.7948E-05,    0.142915
  9.7952E-05,    0.142462
  9.7956E-05,    0.142462
   9.796E-05,    0.142915
  9.7964E-05,    0.142915
  9.7968E-05,    0.142915
  9.7972E-05,    0.142915
  9.7976E-05,    0.143819
   9.798E-05,    0.143367
  9.7984E-05,    0.143367
  9.7988E-05,    0.143819
  9.7992E-05,    0.143819
  9.7996E-05,    0.143367
     9.8E-05,    0.143819
  9.8004E-05,    0.144271
  9.8008E-05,    0.143819
  9.8012E-05,    0.143819
  9.8016E-05,    0.144271
   9.802E-05,    0.144271
  9.8024E-05,    0.144271
  9.8028E-05,    0.144271
  9.8032E-05,    0.144724
  9.8036E-05,    0.144271
   9.804E-05,    0.144724
  9.8044E-05,    0.144724
  9.8048E-05,    0.144271
  9.8052E-05,    0.144724
  9.8056E-05,    0.144724
   9.806E-05,    0.144724
  9.8064E-05,    0.144724
  9.8068E-05,    0.144724
  9.8072E-05,    0.144724
  9.8076E-05,    0.144724
   9.808E-05,    0.144724
  9.8084E-05,    0.145176
  9.8088E-05,    0.144724
  9.8092E-05,    0.144724
  9.8096E-05,    0.144724
    9.81E-05,    0.145176
  9.8104E-05,    0.145176
  9.8108E-05,    0.144724
  9.8112E-05,    0.144724
  9.8116E-05,    0.145176
   9.812E-05,    0.145176
  9.8124E-05,    0.145176
  9.8128E-05,    0.145176
  9.8132E-05,    0.144724
  9.8136E-05,    0.145176
   9.814E-05,    0.145176
  9.8144E-05,    0.144724
  9.8148E-05,    0.144724
  9.8152E-05,    0.144724
  9.8156E-05,    0.144724
   9.816E-05,    0.144724
  9.8164E-05,    0.144724
  9.8168E-05,    0.144724
  9.8172E-05,    0.144724
  9.8176E-05,    0.144724
   9.818E-05,    0.144724
  9.8184E-05,    0.144724
  9.8188E-05,    0.144724
  9.8192E-05,    0.144271
  9.8196E-05,    0.144271
    9.82E-05,    0.144724
  9.8204E-05,    0.144724
  9.8208E-05,    0.144271
  9.8212E-05,    0.144271
  9.8216E-05,    0.144271
   9.822E-05,    0.144271
  9.8224E-05,    0.144271
  9.8228E-05,    0.144271
  9.8232E-05,    0.144271
  9.8236E-05,    0.143819
   9.824E-05,    0.144271
  9.8244E-05,    0.144271
  9.8248E-05,    0.143819
  9.8252E-05,    0.143819
  9.8256E-05,    0.143819
   9.826E-05,    0.143819
  9.8264E-05,    0.143819
  9.8268E-05,    0.143819
  9.8272E-05,    0.143367
  9.8276E-05,    0.142915
   9.828E-05,    0.143367
  9.8284E-05,    0.143367
  9.8288E-05,    0.142915
  9.8292E-05,    0.143367
  9.8296E-05,    0.142915
    9.83E-05,    0.142915
  9.8304E-05,    0.142915
  9.8308E-05,    0.142915
  9.8312E-05,    0.142462
  9.8316E-05,    0.142462
   9.832E-05,    0.142462
  9.8324E-05,    0.142462
  9.8328E-05,     0.14201
  9.8332E-05,     0.14201
  9.8336E-05,     0.14201
   9.834E-05,    0.141558
  9.8344E-05,     0.14201
  9.8348E-05,    0.141558
  9.8352E-05,    0.141558
  9.8356E-05,    0.141558
   9.836E-05,    0.141106
  9.8364E-05,    0.140653
  9.8368E-05,    0.141106
  9.8372E-05,    0.141106
  9.8376E-05,    0.140653
   9.838E-05,    0.140201
  9.8384E-05,    0.140653
  9.8388E-05,    0.140201
  9.8392E-05,    0.140201
  9.8396E-05,    0.140201
    9.84E-05,    0.140201
  9.8404E-05,    0.139749
  9.8408E-05,    0.139749
  9.8412E-05,    0.139296
  9.8416E-05,    0.139296
   9.842E-05,    0.139296
  9.8424E-05,    0.139296
  9.8428E-05,    0.139296
  9.8432E-05,    0.138844
  9.8436E-05,    0.138844
   9.844E-05,    0.138392
  9.8444E-05,    0.138392
  9.8448E-05,    0.138392
  9.8452E-05,     0.13794
  9.8456E-05,    0.137487
   9.846E-05,    0.137487
  9.8464E-05,     0.13794
  9.8468E-05,    0.137487
  9.8472E-05,    0.137035
  9.8476E-05,    0.137035
   9.848E-05,    0.136583
  9.8484E-05,    0.136583
  9.8488E-05,    0.136131
  9.8492E-05,    0.136131
  9.8496E-05,    0.136131
    9.85E-05,    0.135226
  9.8504E-05,    0.135678
  9.8508E-05,    0.135678
  9.8512E-05,    0.134774
  9.8516E-05,    0.135226
   9.852E-05,    0.135226
  9.8524E-05,    0.134774
  9.8528E-05,    0.134774
  9.8532E-05,    0.134322
  9.8536E-05,    0.134322
   9.854E-05,    0.134322
  9.8544E-05,    0.133869
  9.8548E-05,    0.133417
  9.8552E-05,    0.133417
  9.8556E-05,    0.133417
   9.856E-05,    0.132965
  9.8564E-05,    0.132513
  9.8568E-05,    0.132513
  9.8572E-05,     0.13206
  9.8576E-05,     0.13206
   9.858E-05,    0.131608
  9.8584E-05,    0.131608
  9.8588E-05,    0.131156
  9.8592E-05,    0.130704
  9.8596E-05,    0.131156
    9.86E-05,    0.131156
  9.8604E-05,    0.130251
  9.8608E-05,    0.130251
  9.8612E-05,    0.130251
  9.8616E-05,    0.129799
   9.862E-05,    0.129347
  9.8624E-05,    0.129347
  9.8628E-05,    0.128894
  9.8632E-05,    0.128894
  9.8636E-05,    0.128442
   9.864E-05,    0.128442
  9.8644E-05,     0.12799
  9.8648E-05,     0.12799
  9.8652E-05,     0.12799
  9.8656E-05,    0.127085
   9.866E-05,    0.127085
  9.8664E-05,    0.127538
  9.8668E-05,    0.126633
  9.8672E-05,    0.126181
  9.8676E-05,    0.126633
   9.868E-05,    0.125729
  9.8684E-05,    0.125729
  9.8688E-05,    0.125729
  9.8692E-05,    0.125729
  9.8696E-05,    0.124824
    9.87E-05,    0.124372
  9.8704E-05,    0.124824
  9.8708E-05,    0.124372
  9.8712E-05,    0.123467
  9.8716E-05,     0.12392
   9.872E-05,    0.123467
  9.8724E-05,    0.123015
  9.8728E-05,    0.123015
  9.8732E-05,    0.122563
  9.8736E-05,    0.122563
   9.874E-05,    0.122111
  9.8744E-05,    0.122111
  9.8748E-05,    0.121658
  9.8752E-05,    0.121206
  9.8756E-05,    0.121206
   9.876E-05,    0.121206
  9.8764E-05,    0.120302
  9.8768E-05,    0.120302
  9.8772E-05,    0.119849
  9.8776E-05,    0.119397
   9.878E-05,    0.119397
  9.8784E-05,    0.119397
  9.8788E-05,    0.118945
  9.8792E-05,    0.118492
  9.8796E-05,     0.11804
    9.88E-05,    0.118492
  9.8804E-05,    0.117588
  9.8808E-05,    0.117136
  9.8812E-05,    0.117136
  9.8816E-05,    0.116683
   9.882E-05,    0.116231
  9.8824E-05,    0.116231
  9.8828E-05,    0.115779
  9.8832E-05,    0.115327
  9.8836E-05,    0.115327
   9.884E-05,    0.114874
  9.8844E-05,    0.114422
  9.8848E-05,    0.114422
  9.8852E-05,    0.113518
  9.8856E-05,    0.113518
   9.886E-05,    0.113518
  9.8864E-05,    0.113065
  9.8868E-05,    0.112613
  9.8872E-05,    0.112161
  9.8876E-05,    0.112613
   9.888E-05,    0.112161
  9.8884E-05,    0.111256
  9.8888E-05,    0.111256
  9.8892E-05,    0.111256
  9.8896E-05,    0.110352
    9.89E-05,    0.109899
  9.8904E-05,    0.109899
  9.8908E-05,    0.109899
  9.8912E-05,    0.108995
  9.8916E-05,    0.108995
   9.892E-05,    0.108995
  9.8924E-05,     0.10809
  9.8928E-05,     0.10809
  9.8932E-05,    0.107638
  9.8936E-05,    0.107638
   9.894E-05,    0.107186
  9.8944E-05,    0.106734
  9.8948E-05,    0.106734
  9.8952E-05,    0.106281
  9.8956E-05,    0.105829
   9.896E-05,    0.105829
  9.8964E-05,    0.104925
  9.8968E-05,    0.104925
  9.8972E-05,    0.104472
  9.8976E-05,    0.103568
   9.898E-05,     0.10402
  9.8984E-05,    0.103568
  9.8988E-05,    0.103116
  9.8992E-05,    0.102663
  9.8996E-05,    0.102663
     9.9E-05,    0.102211
  9.9004E-05,    0.101759
  9.9008E-05,    0.101759
  9.9012E-05,    0.101307
  9.9016E-05,    0.100854
   9.902E-05,    0.100402
  9.9024E-05,    0.100402
  9.9028E-05,   0.0999497
  9.9032E-05,   0.0994975
  9.9036E-05,   0.0990452
   9.904E-05,    0.098593
  9.9044E-05,    0.098593
  9.9048E-05,   0.0981407
  9.9052E-05,   0.0976884
  9.9056E-05,   0.0972362
   9.906E-05,   0.0972362
  9.9064E-05,   0.0972362
  9.9068E-05,   0.0963317
  9.9072E-05,   0.0963317
  9.9076E-05,   0.0958794
   9.908E-05,   0.0954271
  9.9084E-05,   0.0954271
  9.9088E-05,   0.0949749
  9.9092E-05,   0.0945226
  9.9096E-05,   0.0936181
    9.91E-05,   0.0940704
  9.9104E-05,   0.0940704
  9.9108E-05,   0.0931658
  9.9112E-05,   0.0927136
  9.9116E-05,   0.0927136
   9.912E-05,   0.0922613
  9.9124E-05,    0.091809
  9.9128E-05,    0.091809
  9.9132E-05,   0.0913568
  9.9136E-05,   0.0909045
   9.914E-05,   0.0904523
  9.9144E-05,   0.0904523
  9.9148E-05,        0.09
  9.9152E-05,        0.09
  9.9156E-05,   0.0890955
   9.916E-05,   0.0886432
  9.9164E-05,   0.0886432
  9.9168E-05,   0.0886432
  9.9172E-05,   0.0877387
  9.9176E-05,   0.0872864
   9.918E-05,   0.0872864
  9.9184E-05,   0.0872864
  9.9188E-05,   0.0863819
  9.9192E-05,   0.0863819
  9.9196E-05,   0.0859296
    9.92E-05,   0.0854774
  9.9204E-05,   0.0850251
  9.9208E-05,   0.0850251
  9.9212E-05,   0.0845729
  9.9216E-05,   0.0841206
   9.922E-05,   0.0836683
  9.9224E-05,   0.0841206
  9.9228E-05,   0.0832161
  9.9232E-05,   0.0827638
  9.9236E-05,   0.0823116
   9.924E-05,   0.0827638
  9.9244E-05,   0.0823116
  9.9248E-05,    0.081407
  9.9252E-05,    0.081407
  9.9256E-05,    0.081407
   9.926E-05,   0.0809548
  9.9264E-05,   0.0805025
  9.9268E-05,   0.0800503
  9.9272E-05,    0.079598
  9.9276E-05,    0.079598
   9.928E-05,   0.0791457
  9.9284E-05,   0.0791457
  9.9288E-05,   0.0786935
  9.9292E-05,   0.0782412
  9.9296E-05,   0.0782412
    9.93E-05,   0.0777889
  9.9304E-05,   0.0773367
  9.9308E-05,   0.0773367
  9.9312E-05,   0.0768844
  9.9316E-05,   0.0764322
   9.932E-05,   0.0764322
  9.9324E-05,   0.0759799
  9.9328E-05,   0.0755276
  9.9332E-05,   0.0755276
  9.9336E-05,   0.0755276
   9.934E-05,   0.0750754
  9.9344E-05,   0.0741709
  9.9348E-05,   0.0741709
  9.9352E-05,   0.0741709
  9.9356E-05,   0.0737186
   9.936E-05,   0.0732663
  9.9364E-05,   0.0732663
  9.9368E-05,   0.0728141
  9.9372E-05,   0.0723618
  9.9376E-05,   0.0719095
   9.938E-05,   0.0719095
  9.9384E-05,   0.0719095
  9.9388E-05,   0.0714573
  9.9392E-05,   0.0714573
  9.9396E-05,   0.0705528
    9.94E-05,   0.0705528
  9.9404E-05,   0.0701005
  9.9408E-05,   0.0701005
  9.9412E-05,   0.0701005
  9.9416E-05,    0.069196
   9.942E-05,    0.069196
  9.9424E-05,    0.069196
  9.9428E-05,   0.0687437
  9.9432E-05,   0.0682915
  9.9436E-05,   0.0678392
   9.944E-05,   0.0678392
  9.9444E-05,   0.0678392
  9.9448E-05,   0.0673869
  9.9452E-05,   0.0669347
  9.9456E-05,   0.0669347
   9.946E-05,   0.0669347
  9.9464E-05,   0.0664824
  9.9468E-05,   0.0660302
  9.9472E-05,   0.0655779
  9.9476E-05,   0.0660302
   9.948E-05,   0.0651256
  9.9484E-05,   0.0651256
  9.9488E-05,   0.0651256
  9.9492E-05,   0.0646734
  9.9496E-05,   0.0642211
    9.95E-05,   0.0642211
  9.9504E-05,   0.0642211
  9.9508E-05,   0.0637688
  9.9512E-05,   0.0633166
  9.9516E-05,   0.0633166
   9.952E-05,   0.0628643
  9.9524E-05,   0.0624121
  9.9528E-05,   0.0624121
  9.9532E-05,   0.0624121
  9.9536E-05,   0.0619598
   9.954E-05,   0.0615075
  9.9544E-05,   0.0619598
  9.9548E-05,   0.0615075
  9.9552E-05,   0.0610553
  9.9556E-05,    0.060603
   9.956E-05,    0.060603
  9.9564E-05,    0.060603
  9.9568E-05,   0.0601508
  9.9572E-05,   0.0601508
  9.9576E-05,   0.0601508
   9.958E-05,   0.0592462
  9.9584E-05,   0.0596985
  9.9588E-05,   0.0592462
  9.9592E-05,   0.0592462
  9.9596E-05,    0.058794
    9.96E-05,    0.058794
  9.9604E-05,    0.058794
  9.9608E-05,   0.0583417
  9.9612E-05,   0.0583417
  9.9616E-05,   0.0583417
   9.962E-05,   0.0569849
  9.9624E-05,   0.0574372
  9.9628E-05,   0.0578894
  9.9632E-05,   0.0569849
  9.9636E-05,   0.0565327
   9.964E-05,   0.0565327
  9.9644E-05,   0.0565327
  9.9648E-05,   0.0565327
  9.9652E-05,   0.0560804
  9.9656E-05,   0.0560804
   9.966E-05,   0.0556281
  9.9664E-05,   0.0551759
  9.9668E-05,   0.0556281
  9.9672E-05,   0.0551759
  9.9676E-05,   0.0551759
   9.968E-05,   0.0547236
  9.9684E-05,   0.0547236
  9.9688E-05,   0.0551759
  9.9692E-05,   0.0542714
  9.9696E-05,   0.0538191
    9.97E-05,   0.0538191
  9.9704E-05,   0.0542714
  9.9708E-05,   0.0542714
  9.9712E-05,   0.0533668
  9.9716E-05,   0.0538191
   9.972E-05,   0.0533668
  9.9724E-05,   0.0529146
  9.9728E-05,   0.0533668
  9.9732E-05,   0.0529146
  9.9736E-05,   0.0524623
   9.974E-05,   0.0524623
  9.9744E-05,   0.0524623
  9.9748E-05,     0.05201
  9.9752E-05,     0.05201
  9.9756E-05,     0.05201
   9.976E-05,     0.05201
  9.9764E-05,   0.0515578
  9.9768E-05,   0.0515578
  9.9772E-05,   0.0515578
  9.9776E-05,   0.0511055
   9.978E-05,   0.0506533
  9.9784E-05,   0.0506533
  9.9788E-05,   0.0506533
  9.9792E-05,   0.0506533
  9.9796E-05,    0.050201
    9.98E-05,    0.050201
  9.9804E-05,    0.050201
  9.9808E-05,    0.050201
  9.9812E-05,   0.0497487
  9.9816E-05,   0.0497487
   9.982E-05,   0.0497487
  9.9824E-05,   0.0492965
  9.9828E-05,   0.0492965
  9.9832E-05,   0.0492965
  9.9836E-05,   0.0492965
   9.984E-05,   0.0488442
  9.9844E-05,   0.0488442
  9.9848E-05,    0.048392
  9.9852E-05,    0.048392
  9.9856E-05,    0.048392
   9.986E-05,    0.048392
  9.9864E-05,   0.0479397
  9.9868E-05,   0.0479397
  9.9872E-05,   0.0479397
  9.9876E-05,   0.0479397
   9.988E-05,   0.0474874
  9.9884E-05,   0.0474874
  9.9888E-05,   0.0470352
  9.9892E-05,   0.0474874
  9.9896E-05,   0.0470352
    9.99E-05,   0.0470352
  9.9904E-05,   0.0470352
  9.9908E-05,   0.0470352
  9.9912E-05,   0.0465829
  9.9916E-05,   0.0465829
   9.992E-05,   0.0465829
  9.9924E-05,   0.0461307
  9.9928E-05,   0.0461307
  9.9932E-05,   0.0461307
  9.9936E-05,   0.0461307
   9.994E-05,   0.0456784
  9.9944E-05,   0.0456784
  9.9948E-05,   0.0456784
  9.9952E-05,   0.0452261
  9.9956E-05,   0.0447739
   9.996E-05,   0.0452261
  9.9964E-05,   0.0452261
  9.9968E-05,   0.0452261
  9.9972E-05,   0.0447739
  9.9976E-05,   0.0447739
   9.998E-05,   0.0447739
  9.9984E-05,   0.0447739
  9.9988E-05,   0.0443216
  9.9992E-05,   0.0443216
  9.9996E-05,   0.0443216
      0.0001,   0.0443216
 0.000100004,   0.0438693
 0.000100008,   0.0438693
 0.000100012,   0.0434171
 0.000100016,   0.0438693
  0.00010002,   0.0434171
 0.000100024,   0.0438693
 0.000100028,   0.0434171
 0.000100032,   0.0429648
 0.000100036,   0.0429648
  0.00010004,   0.0429648
 0.000100044,   0.0429648
 0.000100048,   0.0425126
 0.000100052,   0.0425126
 0.000100056,   0.0425126
  0.00010006,   0.0425126
 0.000100064,   0.0420603
 0.000100068,   0.0425126
 0.000100072,   0.0420603
 0.000100076,   0.0420603
  0.00010008,   0.0420603
 0.000100084,   0.0420603
 0.000100088,   0.0420603
 0.000100092,    0.041608
 0.000100096,   0.0411558
   0.0001001,    0.041608
 0.000100104,   0.0411558
 0.000100108,    0.041608
 0.000100112,   0.0411558
 0.000100116,   0.0411558
  0.00010012,   0.0411558
 0.000100124,   0.0407035
 0.000100128,   0.0411558
 0.000100132,   0.0407035
 0.000100136,   0.0402513
  0.00010014,   0.0402513
 0.000100144,   0.0402513
 0.000100148,   0.0402513
 0.000100152,   0.0402513
 0.000100156,    0.039799
  0.00010016,    0.039799
 0.000100164,   0.0393467
 0.000100168,    0.039799
 0.000100172,    0.039799
 0.000100176,   0.0393467
  0.00010018,   0.0393467
 0.000100184,   0.0393467
 0.000100188,   0.0393467
 0.000100192,   0.0393467
 0.000100196,   0.0388945
   0.0001002,   0.0393467
 0.000100204,   0.0388945
 0.000100208,   0.0384422
 0.000100212,   0.0388945
 0.000100216,   0.0388945
  0.00010022,   0.0384422
 0.000100224,   0.0384422
 0.000100228,   0.0384422
 0.000100232,   0.0384422
 0.000100236,   0.0379899
  0.00010024,   0.0375377
 0.000100244,   0.0379899
 0.000100248,   0.0379899
 0.000100252,   0.0375377
 0.000100256,   0.0375377
  0.00010026,   0.0375377
 0.000100264,   0.0370854
 0.000100268,   0.0370854
 0.000100272,   0.0375377
 0.000100276,   0.0370854
  0.00010028,   0.0366332
 0.000100284,   0.0366332
 0.000100288,   0.0366332
 0.000100292,   0.0370854
 0.000100296,   0.0366332
   0.0001003,   0.0366332
 0.000100304,   0.0366332
 0.000100308,   0.0361809
 0.000100312,   0.0366332
 0.000100316,   0.0361809
  0.00010032,   0.0357286
 0.000100324,   0.0361809
 0.000100328,   0.0357286
 0.000100332,   0.0357286
 0.000100336,   0.0357286
  0.00010034,   0.0357286
 0.000100344,   0.0357286
 0.000100348,   0.0352764
 0.000100352,   0.0352764
 0.000100356,   0.0352764
  0.00010036,   0.0352764
 0.000100364,   0.0352764
 0.000100368,   0.0348241
 0.000100372,   0.0352764
 0.000100376,   0.0348241
  0.00010038,   0.0343719
 0.000100384,   0.0348241
 0.000100388,   0.0343719
 0.000100392,   0.0348241
 0.000100396,   0.0343719
   0.0001004,   0.0343719
 0.000100404,   0.0343719
 0.000100408,   0.0343719
 0.000100412,   0.0343719
 0.000100416,   0.0343719
  0.00010042,   0.0339196
 0.000100424,   0.0339196
 0.000100428,   0.0339196
 0.000100432,   0.0339196
 0.000100436,   0.0339196
  0.00010044,   0.0334673
 0.000100444,   0.0334673
 0.000100448,   0.0334673
 0.000100452,   0.0330151
 0.000100456,   0.0330151
  0.00010046,   0.0334673
 0.000100464,   0.0330151
 0.000100468,   0.0325628
 0.000100472,   0.0330151
 0.000100476,   0.0330151
  0.00010048,   0.0325628
 0.000100484,   0.0325628
 0.000100488,   0.0330151
 0.000100492,   0.0325628
 0.000100496,   0.0321106
   0.0001005,   0.0325628
 0.000100504,   0.0325628
 0.000100508,   0.0321106
 0.000100512,   0.0321106
 0.000100516,   0.0321106
  0.00010052,   0.0321106
 0.000100524,   0.0321106
 0.000100528,   0.0321106
 0.000100532,   0.0316583
 0.000100536,   0.0316583
  0.00010054,   0.0316583
 0.000100544,   0.0316583
 0.000100548,    0.031206
 0.000100552,    0.031206
 0.000100556,   0.0316583
  0.00010056,    0.031206
 0.000100564,    0.031206
 0.000100568,    0.031206
 0.000100572,    0.031206
 0.000100576,    0.031206
  0.00010058,    0.031206
 0.000100584,   0.0307538
 0.000100588,   0.0307538
 0.000100592,   0.0307538
 0.000100596,   0.0307538
   0.0001006,   0.0307538
 0.000100604,   0.0307538
 0.000100608,   0.0303015
 0.000100612,   0.0303015
 0.000100616,   0.0303015
  0.00010062,   0.0303015
 0.000100624,   0.0303015
 0.000100628,   0.0298492
 0.000100632,   0.0303015
 0.000100636,   0.0298492
  0.00010064,   0.0298492
 0.000100644,   0.0298492
 0.000100648,   0.0298492
 0.000100652,   0.0303015
 0.000100656,   0.0298492
  0.00010066,    0.029397
 0.000100664,   0.0298492
 0.000100668,   0.0298492
 0.000100672,    0.029397
 0.000100676,    0.029397
  0.00010068,    0.029397
 0.000100684,   0.0298492
 0.000100688,    0.029397
 0.000100692,    0.029397
 0.000100696,    0.029397
   0.0001007,   0.0289447
 0.000100704,    0.029397
 0.000100708,    0.029397
 0.000100712,   0.0289447
 0.000100716,   0.0289447
  0.00010072,   0.0289447
 0.000100724,   0.0289447
 0.000100728,   0.0289447
 0.000100732,   0.0284925
 0.000100736,   0.0284925
  0.00010074,   0.0284925
 0.000100744,   0.0284925
 0.000100748,   0.0280402
 0.000100752,   0.0280402
 0.000100756,   0.0284925
  0.00010076,   0.0280402
 0.000100764,   0.0280402
 0.000100768,   0.0280402
 0.000100772,   0.0280402
 0.000100776,   0.0280402
  0.00010078,   0.0280402
 0.000100784,   0.0280402
 0.000100788,   0.0280402
 0.000100792,   0.0275879
 0.000100796,   0.0275879
   0.0001008,   0.0275879
 0.000100804,   0.0280402
 0.000100808,   0.0275879
 0.000100812,   0.0275879
 0.000100816,   0.0280402
  0.00010082,   0.0271357
 0.000100824,   0.0271357
 0.000100828,   0.0271357
 0.000100832,   0.0271357
 0.000100836,   0.0271357
  0.00010084,   0.0266834
 0.000100844,   0.0271357
 0.000100848,   0.0271357
 0.000100852,   0.0266834
 0.000100856,   0.0266834
  0.00010086,   0.0266834
 0.000100864,   0.0266834
 0.000100868,   0.0271357
 0.000100872,   0.0262312
 0.000100876,   0.0266834
  0.00010088,   0.0266834
 0.000100884,   0.0266834
 0.000100888,   0.0262312
 0.000100892,   0.0262312
 0.000100896,   0.0266834
   0.0001009,   0.0266834
 0.000100904,   0.0262312
 0.000100908,   0.0262312
 0.000100912,   0.0262312
 0.000100916,   0.0262312
  0.00010092,   0.0262312
 0.000100924,   0.0257789
 0.000100928,   0.0257789
 0.000100932,   0.0257789
 0.000100936,   0.0253266
  0.00010094,   0.0257789
 0.000100944,   0.0257789
 0.000100948,   0.0257789
 0.000100952,   0.0253266
 0.000100956,   0.0253266
  0.00010096,   0.0257789
 0.000100964,   0.0253266
 0.000100968,   0.0248744
 0.000100972,   0.0253266
 0.000100976,   0.0253266
  0.00010098,   0.0253266
 0.000100984,   0.0248744
 0.000100988,   0.0248744
 0.000100992,   0.0248744
 0.000100996,   0.0244221
