    0.000101,   0.0680905
 0.000101004,   0.0680905
 0.000101008,   0.0677136
 0.000101012,   0.0677136
 0.000101016,   0.0682161
  0.00010102,   0.0677136
 0.000101024,   0.0674623
 0.000101028,   0.0675879
 0.000101032,   0.0677136
 0.000101036,   0.0674623
  0.00010104,   0.0673367
 0.000101044,   0.0674623
 0.000101048,   0.0674623
 0.000101052,   0.0672111
 0.000101056,   0.0673367
  0.00010106,   0.0672111
 0.000101064,   0.0669598
 0.000101068,   0.0669598
 0.000101072,   0.0669598
 0.000101076,   0.0669598
  0.00010108,   0.0668342
 0.000101084,   0.0668342
 0.000101088,   0.0665829
 0.000101092,   0.0667085
 0.000101096,   0.0667085
   0.0001011,   0.0665829
 0.000101104,    0.066206
 0.000101108,   0.0663317
 0.000101112,   0.0667085
 0.000101116,   0.0664573
  0.00010112,   0.0660804
 0.000101124,    0.066206
 0.000101128,    0.066206
 0.000101132,   0.0659548
 0.000101136,   0.0659548
  0.00010114,   0.0659548
 0.000101144,   0.0658291
 0.000101148,   0.0657035
 0.000101152,   0.0658291
 0.000101156,   0.0657035
  0.00010116,   0.0654523
 0.000101164,   0.0657035
 0.000101168,   0.0655779
 0.000101172,   0.0653266
 0.000101176,   0.0654523
  0.00010118,   0.0653266
 0.000101184,    0.065201
 0.000101188,    0.065201
 0.000101192,   0.0653266
 0.000101196,   0.0650754
   0.0001012,   0.0646985
 0.000101204,   0.0648241
 0.000101208,   0.0649498
 0.000101212,   0.0646985
 0.000101216,   0.0646985
  0.00010122,   0.0646985
 0.000101224,   0.0645729
 0.000101228,   0.0643216
 0.000101232,   0.0643216
 0.000101236,   0.0644472
  0.00010124,   0.0643216
 0.000101244,    0.064196
 0.000101248,    0.064196
 0.000101252,    0.064196
 0.000101256,    0.064196
  0.00010126,   0.0640704
 0.000101264,   0.0640704
 0.000101268,   0.0640704
 0.000101272,   0.0639447
 0.000101276,   0.0638191
  0.00010128,   0.0636935
 0.000101284,   0.0638191
 0.000101288,   0.0635678
 0.000101292,   0.0635678
 0.000101296,   0.0634422
   0.0001013,   0.0634422
 0.000101304,   0.0634422
 0.000101308,   0.0633166
 0.000101312,   0.0633166
 0.000101316,   0.0630653
  0.00010132,   0.0630653
 0.000101324,   0.0629397
 0.000101328,   0.0628141
 0.000101332,   0.0628141
 0.000101336,   0.0628141
  0.00010134,   0.0626884
 0.000101344,   0.0625628
 0.000101348,   0.0624372
 0.000101352,   0.0625628
 0.000101356,   0.0624372
  0.00010136,   0.0621859
 0.000101364,   0.0620603
 0.000101368,   0.0621859
 0.000101372,   0.0621859
 0.000101376,   0.0621859
  0.00010138,   0.0619347
 0.000101384,   0.0619347
 0.000101388,   0.0620603
 0.000101392,    0.061809
 0.000101396,   0.0616834
   0.0001014,    0.061809
 0.000101404,   0.0616834
 0.000101408,   0.0614322
 0.000101412,   0.0614322
 0.000101416,   0.0615578
  0.00010142,   0.0610553
 0.000101424,   0.0609296
 0.000101428,   0.0611809
 0.000101432,   0.0611809
 0.000101436,   0.0606784
  0.00010144,   0.0609296
 0.000101444,   0.0610553
 0.000101448,    0.060804
 0.000101452,   0.0606784
 0.000101456,   0.0606784
  0.00010146,   0.0606784
 0.000101464,   0.0603015
 0.000101468,   0.0604271
 0.000101472,   0.0605528
 0.000101476,   0.0603015
  0.00010148,   0.0603015
 0.000101484,   0.0604271
 0.000101488,   0.0600502
 0.000101492,   0.0601759
 0.000101496,   0.0600502
   0.0001015,   0.0599246
 0.000101504,    0.059799
 0.000101508,    0.059799
 0.000101512,   0.0599246
 0.000101516,   0.0596734
  0.00010152,   0.0594221
 0.000101524,   0.0595477
 0.000101528,   0.0594221
 0.000101532,   0.0591709
 0.000101536,   0.0591709
  0.00010154,   0.0591709
 0.000101544,   0.0590452
 0.000101548,   0.0589196
 0.000101552,   0.0590452
 0.000101556,   0.0591709
  0.00010156,    0.058794
 0.000101564,   0.0585427
 0.000101568,   0.0589196
 0.000101572,   0.0589196
 0.000101576,   0.0585427
  0.00010158,   0.0582915
 0.000101584,   0.0586683
 0.000101588,   0.0585427
 0.000101592,   0.0581658
 0.000101596,   0.0581658
   0.0001016,   0.0584171
 0.000101604,   0.0581658
 0.000101608,   0.0579146
 0.000101612,   0.0577889
 0.000101616,   0.0579146
  0.00010162,   0.0576633
 0.000101624,   0.0576633
 0.000101628,   0.0576633
 0.000101632,   0.0574121
 0.000101636,   0.0572864
  0.00010164,   0.0572864
 0.000101644,   0.0571608
 0.000101648,   0.0571608
 0.000101652,   0.0571608
 0.000101656,   0.0570352
  0.00010166,   0.0570352
 0.000101664,   0.0570352
 0.000101668,   0.0569095
 0.000101672,   0.0565327
 0.000101676,   0.0566583
  0.00010168,   0.0566583
 0.000101684,    0.056407
 0.000101688,   0.0562814
 0.000101692,    0.056407
 0.000101696,   0.0560302
   0.0001017,   0.0559045
 0.000101704,   0.0560302
 0.000101708,   0.0560302
 0.000101712,   0.0557789
 0.000101716,   0.0557789
  0.00010172,   0.0559045
 0.000101724,   0.0556533
 0.000101728,   0.0556533
 0.000101732,   0.0556533
 0.000101736,   0.0552764
  0.00010174,   0.0551508
 0.000101744,   0.0555276
 0.000101748,    0.055402
 0.000101752,   0.0550251
 0.000101756,   0.0548995
  0.00010176,   0.0550251
 0.000101764,   0.0550251
 0.000101768,   0.0548995
 0.000101772,   0.0547739
 0.000101776,   0.0545226
  0.00010178,   0.0545226
 0.000101784,   0.0545226
 0.000101788,    0.054397
 0.000101792,   0.0542714
 0.000101796,   0.0541457
   0.0001018,   0.0540201
 0.000101804,   0.0538945
 0.000101808,   0.0541457
 0.000101812,   0.0540201
 0.000101816,   0.0536432
  0.00010182,   0.0535176
 0.000101824,   0.0536432
 0.000101828,   0.0536432
 0.000101832,    0.053392
 0.000101836,   0.0532663
  0.00010184,   0.0535176
 0.000101844,   0.0532663
 0.000101848,   0.0530151
 0.000101852,   0.0531407
 0.000101856,   0.0531407
  0.00010186,   0.0528894
 0.000101864,   0.0526382
 0.000101868,   0.0527638
 0.000101872,   0.0527638
 0.000101876,   0.0526382
  0.00010188,   0.0523869
 0.000101884,   0.0523869
 0.000101888,   0.0522613
 0.000101892,   0.0522613
 0.000101896,     0.05201
   0.0001019,   0.0521357
 0.000101904,     0.05201
 0.000101908,   0.0517588
 0.000101912,   0.0516332
 0.000101916,     0.05201
  0.00010192,   0.0517588
 0.000101924,   0.0513819
 0.000101928,   0.0513819
 0.000101932,   0.0515075
 0.000101936,   0.0515075
  0.00010194,   0.0511307
 0.000101944,   0.0511307
 0.000101948,    0.051005
 0.000101952,    0.051005
 0.000101956,   0.0511307
  0.00010196,   0.0506281
 0.000101964,   0.0503769
 0.000101968,   0.0506281
 0.000101972,   0.0506281
 0.000101976,   0.0505025
  0.00010198,   0.0503769
 0.000101984,   0.0502513
 0.000101988,   0.0501256
 0.000101992,   0.0501256
 0.000101996,   0.0501256
    0.000102,   0.0498744
 0.000102004,   0.0497487
 0.000102008,   0.0498744
 0.000102012,   0.0497487
 0.000102016,   0.0497487
  0.00010202,   0.0494975
 0.000102024,   0.0493719
 0.000102028,   0.0492462
 0.000102032,   0.0496231
 0.000102036,   0.0492462
  0.00010204,   0.0487437
 0.000102044,   0.0488693
 0.000102048,   0.0492462
 0.000102052,    0.048995
 0.000102056,   0.0484925
  0.00010206,   0.0486181
 0.000102064,   0.0487437
 0.000102068,   0.0484925
 0.000102072,   0.0482412
 0.000102076,   0.0484925
  0.00010208,   0.0482412
 0.000102084,   0.0479899
 0.000102088,   0.0479899
 0.000102092,   0.0482412
 0.000102096,   0.0478643
   0.0001021,   0.0476131
 0.000102104,   0.0478643
 0.000102108,   0.0477387
 0.000102112,   0.0474874
 0.000102116,   0.0474874
  0.00010212,   0.0473618
 0.000102124,   0.0473618
 0.000102128,   0.0473618
 0.000102132,   0.0468593
 0.000102136,   0.0469849
  0.00010214,   0.0469849
 0.000102144,   0.0471106
 0.000102148,   0.0467337
 0.000102152,    0.046608
 0.000102156,   0.0468593
  0.00010216,    0.046608
 0.000102164,   0.0464824
 0.000102168,    0.046608
 0.000102172,   0.0464824
 0.000102176,   0.0462312
  0.00010218,   0.0462312
 0.000102184,   0.0463568
 0.000102188,   0.0459799
 0.000102192,   0.0458543
 0.000102196,   0.0458543
   0.0001022,   0.0458543
 0.000102204,    0.045603
 0.000102208,   0.0454774
 0.000102212,   0.0454774
 0.000102216,   0.0453518
  0.00010222,   0.0452261
 0.000102224,   0.0452261
 0.000102228,   0.0449749
 0.000102232,   0.0448492
 0.000102236,   0.0448492
  0.00010224,   0.0447236
 0.000102244,   0.0444724
 0.000102248,   0.0444724
 0.000102252,   0.0444724
 0.000102256,   0.0443467
  0.00010226,   0.0444724
 0.000102264,   0.0442211
 0.000102268,   0.0440955
 0.000102272,   0.0440955
 0.000102276,   0.0439698
  0.00010228,   0.0437186
 0.000102284,   0.0439698
 0.000102288,   0.0438442
 0.000102292,   0.0434673
 0.000102296,    0.043593
   0.0001023,   0.0437186
 0.000102304,   0.0434673
 0.000102308,   0.0433417
 0.000102312,   0.0433417
 0.000102316,   0.0433417
  0.00010232,   0.0429648
 0.000102324,   0.0429648
 0.000102328,   0.0432161
 0.000102332,   0.0428392
 0.000102336,   0.0423367
  0.00010234,   0.0423367
 0.000102344,   0.0425879
 0.000102348,   0.0425879
 0.000102352,   0.0420854
 0.000102356,   0.0419598
  0.00010236,   0.0419598
 0.000102364,   0.0420854
 0.000102368,   0.0417085
 0.000102372,   0.0415829
 0.000102376,   0.0415829
  0.00010238,   0.0414573
 0.000102384,   0.0413317
 0.000102388,   0.0415829
 0.000102392,   0.0414573
 0.000102396,   0.0408291
   0.0001024,   0.0410804
 0.000102404,   0.0413317
 0.000102408,   0.0410804
 0.000102412,   0.0407035
 0.000102416,   0.0407035
  0.00010242,   0.0405779
 0.000102424,   0.0407035
 0.000102428,   0.0405779
 0.000102432,   0.0400754
 0.000102436,   0.0400754
  0.00010244,   0.0403266
 0.000102444,    0.040201
 0.000102448,   0.0398241
 0.000102452,   0.0399497
 0.000102456,   0.0399497
  0.00010246,   0.0396985
 0.000102464,   0.0395729
 0.000102468,   0.0396985
 0.000102472,   0.0395729
 0.000102476,   0.0394472
  0.00010248,   0.0393216
 0.000102484,   0.0393216
 0.000102488,   0.0390704
 0.000102492,   0.0389447
 0.000102496,   0.0389447
   0.0001025,   0.0386935
 0.000102504,   0.0385678
 0.000102508,   0.0385678
 0.000102512,   0.0384422
 0.000102516,   0.0383166
  0.00010252,   0.0384422
 0.000102524,    0.038191
 0.000102528,   0.0380653
 0.000102532,   0.0379397
 0.000102536,   0.0379397
  0.00010254,   0.0379397
 0.000102544,   0.0376884
 0.000102548,   0.0375628
 0.000102552,   0.0375628
 0.000102556,   0.0375628
  0.00010256,   0.0373116
 0.000102564,   0.0371859
 0.000102568,   0.0373116
 0.000102572,   0.0370603
 0.000102576,    0.036809
  0.00010258,   0.0369347
 0.000102584,   0.0369347
 0.000102588,   0.0365578
 0.000102592,   0.0364322
 0.000102596,   0.0364322
   0.0001026,   0.0364322
 0.000102604,    0.035804
 0.000102608,   0.0360553
 0.000102612,   0.0363065
 0.000102616,   0.0359296
  0.00010262,   0.0355528
 0.000102624,   0.0355528
 0.000102628,   0.0359296
 0.000102632,   0.0355528
 0.000102636,   0.0351759
  0.00010264,   0.0353015
 0.000102644,   0.0354271
 0.000102648,   0.0351759
 0.000102652,   0.0349246
 0.000102656,   0.0351759
  0.00010266,   0.0349246
 0.000102664,   0.0346734
 0.000102668,   0.0346734
 0.000102672,    0.034799
 0.000102676,   0.0345477
  0.00010268,   0.0342965
 0.000102684,   0.0345477
 0.000102688,   0.0341709
 0.000102692,   0.0341709
 0.000102696,   0.0340452
   0.0001027,   0.0340452
 0.000102704,   0.0339196
 0.000102708,   0.0339196
 0.000102712,   0.0336683
 0.000102716,   0.0334171
  0.00010272,   0.0335427
 0.000102724,   0.0335427
 0.000102728,   0.0332915
 0.000102732,   0.0331658
 0.000102736,   0.0331658
  0.00010274,   0.0329146
 0.000102744,   0.0329146
 0.000102748,   0.0330402
 0.000102752,   0.0327889
 0.000102756,   0.0326633
  0.00010276,   0.0326633
 0.000102764,   0.0325377
 0.000102768,   0.0324121
 0.000102772,   0.0324121
 0.000102776,   0.0324121
  0.00010278,   0.0321608
 0.000102784,   0.0320352
 0.000102788,   0.0321608
 0.000102792,   0.0319095
 0.000102796,   0.0317839
   0.0001028,   0.0316583
 0.000102804,   0.0315327
 0.000102808,    0.031407
 0.000102812,    0.031407
 0.000102816,   0.0312814
  0.00010282,   0.0311558
 0.000102824,   0.0311558
 0.000102828,   0.0310302
 0.000102832,   0.0310302
 0.000102836,   0.0309045
  0.00010284,   0.0306533
 0.000102844,   0.0305276
 0.000102848,   0.0305276
 0.000102852,   0.0306533
 0.000102856,   0.0305276
  0.00010286,   0.0302764
 0.000102864,   0.0300251
 0.000102868,   0.0302764
 0.000102872,   0.0301508
 0.000102876,   0.0300251
  0.00010288,   0.0297739
 0.000102884,   0.0298995
 0.000102888,   0.0296482
 0.000102892,   0.0295226
 0.000102896,   0.0296482
   0.0001029,   0.0295226
 0.000102904,   0.0290201
 0.000102908,   0.0290201
 0.000102912,   0.0291457
 0.000102916,   0.0290201
  0.00010292,   0.0287688
 0.000102924,   0.0287688
 0.000102928,   0.0287688
 0.000102932,   0.0286432
 0.000102936,    0.028392
  0.00010294,    0.028392
 0.000102944,   0.0285176
 0.000102948,   0.0285176
 0.000102952,   0.0281407
 0.000102956,   0.0280151
  0.00010296,   0.0282663
 0.000102964,   0.0282663
 0.000102968,   0.0278894
 0.000102972,   0.0278894
 0.000102976,   0.0278894
  0.00010298,   0.0277638
 0.000102984,   0.0276382
 0.000102988,   0.0276382
 0.000102992,   0.0276382
 0.000102996,     0.02701
    0.000103,   0.0271357
 0.000103004,   0.0272613
 0.000103008,     0.02701
 0.000103012,   0.0267588
 0.000103016,   0.0268844
  0.00010302,   0.0267588
 0.000103024,   0.0267588
 0.000103028,   0.0263819
 0.000103032,   0.0261307
 0.000103036,   0.0262563
  0.00010304,   0.0265075
 0.000103044,   0.0262563
 0.000103048,   0.0257538
 0.000103052,   0.0258794
 0.000103056,   0.0262563
  0.00010306,   0.0258794
 0.000103064,   0.0256281
 0.000103068,   0.0257538
 0.000103072,   0.0257538
 0.000103076,   0.0256281
  0.00010308,   0.0253769
 0.000103084,   0.0257538
 0.000103088,   0.0255025
 0.000103092,       0.025
 0.000103096,   0.0251256
   0.0001031,   0.0253769
 0.000103104,       0.025
 0.000103108,   0.0247487
 0.000103112,       0.025
 0.000103116,   0.0248744
  0.00010312,   0.0246231
 0.000103124,   0.0246231
 0.000103128,   0.0246231
 0.000103132,   0.0243719
 0.000103136,   0.0244975
  0.00010314,   0.0244975
 0.000103144,   0.0241206
 0.000103148,   0.0242462
 0.000103152,   0.0246231
 0.000103156,   0.0242462
  0.00010316,    0.023995
 0.000103164,   0.0241206
 0.000103168,   0.0242462
 0.000103172,   0.0238693
 0.000103176,   0.0238693
  0.00010318,   0.0238693
 0.000103184,   0.0237437
 0.000103188,   0.0237437
 0.000103192,   0.0236181
 0.000103196,   0.0233668
   0.0001032,   0.0234925
 0.000103204,   0.0234925
 0.000103208,   0.0231156
 0.000103212,   0.0232412
 0.000103216,   0.0233668
  0.00010322,   0.0228643
 0.000103224,   0.0227387
 0.000103228,   0.0229899
 0.000103232,   0.0228643
 0.000103236,   0.0224874
  0.00010324,   0.0226131
 0.000103244,   0.0228643
 0.000103248,   0.0226131
 0.000103252,   0.0223618
 0.000103256,   0.0224874
  0.00010326,   0.0226131
 0.000103264,   0.0222362
 0.000103268,   0.0222362
 0.000103272,   0.0222362
 0.000103276,   0.0222362
  0.00010328,   0.0219849
 0.000103284,   0.0222362
 0.000103288,   0.0221106
 0.000103292,   0.0219849
 0.000103296,   0.0219849
   0.0001033,   0.0218593
 0.000103304,   0.0217337
 0.000103308,   0.0219849
 0.000103312,   0.0217337
 0.000103316,   0.0213568
  0.00010332,   0.0213568
 0.000103324,   0.0217337
 0.000103328,   0.0214824
 0.000103332,   0.0211055
 0.000103336,   0.0214824
  0.00010334,   0.0214824
 0.000103344,   0.0212312
 0.000103348,   0.0212312
 0.000103352,   0.0214824
 0.000103356,   0.0212312
  0.00010336,   0.0209799
 0.000103364,   0.0211055
 0.000103368,   0.0211055
 0.000103372,   0.0208543
 0.000103376,   0.0209799
  0.00010338,   0.0209799
 0.000103384,   0.0208543
 0.000103388,   0.0208543
 0.000103392,   0.0208543
 0.000103396,    0.020603
   0.0001034,   0.0204774
 0.000103404,   0.0207286
 0.000103408,   0.0204774
 0.000103412,   0.0203518
 0.000103416,   0.0203518
  0.00010342,   0.0203518
 0.000103424,   0.0202261
 0.000103428,   0.0202261
 0.000103432,   0.0202261
 0.000103436,   0.0202261
  0.00010344,   0.0202261
 0.000103444,   0.0199749
 0.000103448,   0.0199749
 0.000103452,   0.0201005
 0.000103456,   0.0201005
  0.00010346,   0.0198492
 0.000103464,   0.0197236
 0.000103468,   0.0201005
 0.000103472,   0.0199749
 0.000103476,   0.0198492
  0.00010348,   0.0197236
 0.000103484,   0.0199749
 0.000103488,   0.0198492
 0.000103492,    0.019598
 0.000103496,    0.019598
   0.0001035,   0.0197236
 0.000103504,   0.0194724
 0.000103508,   0.0194724
 0.000103512,    0.019598
 0.000103516,    0.019598
  0.00010352,   0.0194724
 0.000103524,   0.0192211
 0.000103528,   0.0194724
 0.000103532,   0.0194724
 0.000103536,   0.0192211
  0.00010354,   0.0193467
 0.000103544,   0.0194724
 0.000103548,   0.0192211
 0.000103552,   0.0189698
 0.000103556,   0.0190955
  0.00010356,   0.0193467
 0.000103564,   0.0189698
 0.000103568,   0.0188442
 0.000103572,   0.0190955
 0.000103576,   0.0189698
  0.00010358,   0.0187186
 0.000103584,   0.0188442
 0.000103588,   0.0187186
 0.000103592,    0.018593
 0.000103596,    0.018593
   0.0001036,    0.018593
 0.000103604,   0.0184673
 0.000103608,   0.0183417
 0.000103612,   0.0183417
 0.000103616,   0.0183417
  0.00010362,   0.0182161
 0.000103624,   0.0183417
 0.000103628,   0.0182161
 0.000103632,   0.0178392
 0.000103636,   0.0180905
  0.00010364,   0.0183417
 0.000103644,   0.0179648
 0.000103648,   0.0178392
 0.000103652,   0.0182161
 0.000103656,   0.0182161
  0.00010366,   0.0178392
 0.000103664,   0.0178392
 0.000103668,   0.0180905
 0.000103672,   0.0178392
 0.000103676,   0.0179648
  0.00010368,   0.0179648
 0.000103684,   0.0178392
 0.000103688,   0.0177136
 0.000103692,   0.0177136
 0.000103696,   0.0177136
   0.0001037,   0.0178392
 0.000103704,   0.0175879
 0.000103708,   0.0175879
 0.000103712,   0.0174623
 0.000103716,   0.0177136
  0.00010372,   0.0175879
 0.000103724,   0.0173367
 0.000103728,   0.0173367
 0.000103732,   0.0173367
 0.000103736,   0.0173367
  0.00010374,   0.0173367
 0.000103744,   0.0172111
 0.000103748,   0.0172111
 0.000103752,   0.0172111
 0.000103756,   0.0172111
  0.00010376,   0.0168342
 0.000103764,   0.0168342
 0.000103768,   0.0169598
 0.000103772,   0.0169598
 0.000103776,   0.0167085
  0.00010378,   0.0165829
 0.000103784,   0.0168342
 0.000103788,   0.0167085
 0.000103792,   0.0165829
 0.000103796,   0.0167085
   0.0001038,   0.0167085
 0.000103804,   0.0163317
 0.000103808,   0.0163317
 0.000103812,   0.0165829
 0.000103816,   0.0164573
  0.00010382,   0.0160804
 0.000103824,   0.0160804
 0.000103828,   0.0165829
 0.000103832,    0.016206
 0.000103836,   0.0159548
  0.00010384,   0.0160804
 0.000103844,    0.016206
 0.000103848,   0.0160804
 0.000103852,   0.0159548
 0.000103856,   0.0159548
  0.00010386,   0.0159548
 0.000103864,   0.0158291
 0.000103868,   0.0158291
 0.000103872,   0.0158291
 0.000103876,   0.0158291
  0.00010388,   0.0157035
 0.000103884,   0.0155779
 0.000103888,   0.0154523
 0.000103892,   0.0155779
 0.000103896,   0.0154523
   0.0001039,    0.015201
 0.000103904,   0.0150754
 0.000103908,    0.015201
 0.000103912,   0.0153266
 0.000103916,   0.0150754
  0.00010392,   0.0149497
 0.000103924,   0.0149497
 0.000103928,   0.0149497
 0.000103932,   0.0149497
 0.000103936,   0.0149497
  0.00010394,   0.0148241
 0.000103944,   0.0148241
 0.000103948,   0.0145729
 0.000103952,   0.0148241
 0.000103956,   0.0148241
  0.00010396,   0.0145729
 0.000103964,   0.0143216
 0.000103968,   0.0143216
 0.000103972,   0.0145729
 0.000103976,   0.0144472
  0.00010398,   0.0140704
 0.000103984,    0.014196
 0.000103988,   0.0144472
 0.000103992,   0.0140704
 0.000103996,   0.0136935
    0.000104,   0.0140704
 0.000104004,   0.0140704
 0.000104008,   0.0135678
 0.000104012,   0.0135678
 0.000104016,   0.0139447
  0.00010402,   0.0135678
 0.000104024,   0.0133166
 0.000104028,   0.0136935
 0.000104032,   0.0133166
 0.000104036,   0.0130653
  0.00010404,   0.0133166
 0.000104044,   0.0134422
 0.000104048,    0.013191
 0.000104052,    0.013191
 0.000104056,    0.013191
  0.00010406,   0.0128141
 0.000104064,   0.0130653
 0.000104068,    0.013191
 0.000104072,   0.0126884
 0.000104076,   0.0126884
  0.00010408,   0.0130653
 0.000104084,   0.0128141
 0.000104088,   0.0124372
 0.000104092,   0.0125628
 0.000104096,   0.0125628
   0.0001041,   0.0124372
 0.000104104,   0.0121859
 0.000104108,   0.0123116
 0.000104112,   0.0123116
 0.000104116,   0.0120603
  0.00010412,   0.0120603
 0.000104124,   0.0120603
 0.000104128,   0.0120603
 0.000104132,    0.011809
 0.000104136,   0.0116834
  0.00010414,    0.011809
 0.000104144,   0.0119347
 0.000104148,   0.0116834
 0.000104152,   0.0115578
 0.000104156,   0.0114322
  0.00010416,   0.0114322
 0.000104164,   0.0113065
 0.000104168,   0.0110553
 0.000104172,   0.0110553
 0.000104176,   0.0110553
  0.00010418,    0.010804
 0.000104184,   0.0106784
 0.000104188,   0.0105528
 0.000104192,   0.0106784
 0.000104196,   0.0105528
   0.0001042,   0.0103015
 0.000104204,   0.0103015
 0.000104208,   0.0103015
 0.000104212,   0.0105528
 0.000104216,   0.0103015
  0.00010422,   0.0100503
 0.000104224,   0.0101759
 0.000104228,   0.0101759
 0.000104232,  0.00992462
 0.000104236,  0.00992462
  0.00010424,    0.009799
 0.000104244,  0.00967337
 0.000104248,  0.00967337
 0.000104252,  0.00967337
 0.000104256,  0.00967337
  0.00010426,  0.00954774
 0.000104264,  0.00942211
 0.000104268,  0.00929648
 0.000104272,  0.00929648
 0.000104276,  0.00929648
  0.00010428,   0.0089196
 0.000104284,  0.00904523
 0.000104288,  0.00917085
 0.000104292,  0.00904523
 0.000104296,  0.00841709
   0.0001043,  0.00854271
 0.000104304,  0.00879397
 0.000104308,  0.00841709
 0.000104312,  0.00829146
 0.000104316,  0.00841709
  0.00010432,  0.00829146
 0.000104324,   0.0080402
 0.000104328,   0.0080402
 0.000104332,  0.00816583
 0.000104336,  0.00791457
  0.00010434,  0.00791457
 0.000104344,  0.00791457
 0.000104348,  0.00766332
 0.000104352,  0.00753769
 0.000104356,  0.00766332
  0.00010436,  0.00753769
 0.000104364,  0.00728643
 0.000104368,  0.00728643
 0.000104372,  0.00741206
 0.000104376,  0.00728643
  0.00010438,  0.00690955
 0.000104384,  0.00703518
 0.000104388,  0.00690955
 0.000104392,  0.00678392
 0.000104396,  0.00678392
   0.0001044,  0.00665829
 0.000104404,  0.00640704
 0.000104408,  0.00653266
 0.000104412,  0.00665829
 0.000104416,  0.00640704
  0.00010442,  0.00603015
 0.000104424,  0.00615578
 0.000104428,  0.00628141
 0.000104432,  0.00603015
 0.000104436,  0.00590452
  0.00010444,  0.00603015
 0.000104444,  0.00590452
 0.000104448,  0.00603015
 0.000104452,  0.00577889
 0.000104456,  0.00565327
  0.00010446,  0.00565327
 0.000104464,  0.00552764
 0.000104468,  0.00552764
 0.000104472,  0.00527638
 0.000104476,  0.00515075
  0.00010448,  0.00515075
 0.000104484,  0.00502513
 0.000104488,   0.0048995
 0.000104492,  0.00515075
 0.000104496,  0.00477387
   0.0001045,  0.00452261
 0.000104504,  0.00452261
 0.000104508,  0.00477387
 0.000104512,  0.00464824
 0.000104516,  0.00427136
  0.00010452,  0.00439698
 0.000104524,  0.00452261
 0.000104528,   0.0040201
 0.000104532,   0.0040201
 0.000104536,  0.00414573
  0.00010454,  0.00414573
 0.000104544,  0.00376884
 0.000104548,  0.00376884
 0.000104552,  0.00389447
 0.000104556,  0.00376884
  0.00010456,  0.00351759
 0.000104564,  0.00339196
 0.000104568,  0.00376884
 0.000104572,  0.00351759
 0.000104576,  0.00326633
  0.00010458,   0.0031407
 0.000104584,  0.00326633
 0.000104588,  0.00339196
 0.000104592,  0.00301508
 0.000104596,  0.00301508
   0.0001046,  0.00301508
 0.000104604,  0.00288945
 0.000104608,  0.00263819
 0.000104612,  0.00263819
 0.000104616,  0.00288945
  0.00010462,  0.00263819
 0.000104624,  0.00238693
 0.000104628,  0.00251256
 0.000104632,  0.00251256
 0.000104636,  0.00226131
  0.00010464,  0.00226131
 0.000104644,  0.00213568
 0.000104648,  0.00226131
 0.000104652,  0.00213568
 0.000104656,  0.00201005
  0.00010466,  0.00188442
 0.000104664,  0.00201005
 0.000104668,  0.00201005
 0.000104672,  0.00175879
 0.000104676,  0.00163317
  0.00010468,  0.00175879
 0.000104684,  0.00163317
 0.000104688,  0.00138191
 0.000104692,  0.00138191
 0.000104696,  0.00138191
   0.0001047,  0.00113065
 0.000104704, 0.000879397
 0.000104708,  0.00100503
 0.000104712,  0.00100503
 0.000104716, 0.000879397
  0.00010472, 0.000753769
 0.000104724, 0.000753769
 0.000104728, 0.000753769
 0.000104732, 0.000753769
 0.000104736, 0.000628141
  0.00010474, 0.000628141
 0.000104744, 0.000628141
 0.000104748, 0.000628141
 0.000104752, 0.000502513
 0.000104756, 0.000628141
  0.00010476, 0.000628141
 0.000104764, 0.000125628
 0.000104768, 0.000251256
 0.000104772, 0.000251256
 0.000104776, 0.000251256
  0.00010478,           0
 0.000104784,           0
 0.000104788,           0
 0.000104792,-0.000125628
 0.000104796,-0.000125628
   0.0001048,-0.000125628
 0.000104804,-0.000251256
 0.000104808,-0.000251256
 0.000104812,-0.000376884
 0.000104816,-0.000502513
  0.00010482,-0.000376884
 0.000104824,-0.000502513
 0.000104828,-0.000628141
 0.000104832,-0.000628141
 0.000104836,-0.000628141
  0.00010484,-0.000628141
 0.000104844,-0.000753769
 0.000104848,-0.000753769
 0.000104852,-0.000753769
 0.000104856,-0.000879397
  0.00010486,-0.000753769
 0.000104864,-0.000879397
 0.000104868, -0.00113065
 0.000104872, -0.00100503
 0.000104876,-0.000879397
  0.00010488, -0.00113065
 0.000104884, -0.00125628
 0.000104888, -0.00100503
 0.000104892, -0.00100503
 0.000104896, -0.00150754
   0.0001049, -0.00138191
 0.000104904, -0.00138191
 0.000104908, -0.00150754
 0.000104912, -0.00150754
 0.000104916, -0.00138191
  0.00010492, -0.00175879
 0.000104924, -0.00188442
 0.000104928, -0.00163317
 0.000104932, -0.00150754
 0.000104936, -0.00175879
  0.00010494, -0.00201005
 0.000104944, -0.00175879
 0.000104948, -0.00175879
 0.000104952, -0.00188442
 0.000104956, -0.00188442
  0.00010496, -0.00175879
 0.000104964, -0.00226131
 0.000104968, -0.00226131
 0.000104972, -0.00201005
 0.000104976, -0.00213568
  0.00010498, -0.00226131
 0.000104984, -0.00213568
 0.000104988, -0.00213568
 0.000104992, -0.00238693
 0.000104996, -0.00238693
    0.000105, -0.00238693
 0.000105004, -0.00263819
 0.000105008, -0.00263819
 0.000105012, -0.00238693
 0.000105016, -0.00263819
  0.00010502, -0.00263819
 0.000105024, -0.00251256
 0.000105028, -0.00251256
 0.000105032, -0.00276382
 0.000105036, -0.00276382
  0.00010504, -0.00238693
 0.000105044, -0.00263819
 0.000105048, -0.00276382
 0.000105052, -0.00238693
 0.000105056, -0.00276382
  0.00010506, -0.00288945
 0.000105064, -0.00276382
 0.000105068, -0.00288945
 0.000105072,  -0.0031407
 0.000105076, -0.00301508
  0.00010508, -0.00263819
 0.000105084, -0.00301508
 0.000105088, -0.00326633
 0.000105092, -0.00276382
 0.000105096, -0.00301508
   0.0001051, -0.00339196
 0.000105104,  -0.0031407
 0.000105108,  -0.0031407
 0.000105112, -0.00326633
 0.000105116, -0.00326633
  0.00010512, -0.00326633
 0.000105124, -0.00339196
 0.000105128, -0.00339196
 0.000105132,  -0.0031407
 0.000105136, -0.00339196
  0.00010514, -0.00339196
 0.000105144,  -0.0031407
 0.000105148, -0.00339196
 0.000105152, -0.00351759
 0.000105156, -0.00326633
  0.00010516, -0.00351759
 0.000105164, -0.00376884
 0.000105168, -0.00339196
 0.000105172,  -0.0031407
 0.000105176, -0.00351759
  0.00010518, -0.00376884
 0.000105184, -0.00326633
 0.000105188, -0.00339196
 0.000105192, -0.00376884
 0.000105196, -0.00376884
   0.0001052, -0.00364322
 0.000105204, -0.00376884
 0.000105208, -0.00364322
 0.000105212, -0.00364322
 0.000105216, -0.00389447
  0.00010522, -0.00376884
 0.000105224, -0.00376884
 0.000105228, -0.00376884
 0.000105232, -0.00389447
 0.000105236, -0.00389447
  0.00010524, -0.00389447
 0.000105244, -0.00376884
 0.000105248, -0.00376884
 0.000105252, -0.00376884
 0.000105256, -0.00414573
  0.00010526, -0.00414573
 0.000105264, -0.00376884
 0.000105268, -0.00364322
 0.000105272,  -0.0040201
 0.000105276, -0.00427136
  0.00010528, -0.00389447
 0.000105284, -0.00364322
 0.000105288,  -0.0040201
 0.000105292, -0.00439698
 0.000105296, -0.00414573
   0.0001053, -0.00389447
 0.000105304,  -0.0040201
 0.000105308, -0.00427136
 0.000105312,  -0.0040201
 0.000105316, -0.00389447
  0.00010532, -0.00414573
 0.000105324, -0.00427136
 0.000105328,  -0.0040201
 0.000105332,  -0.0040201
 0.000105336, -0.00414573
  0.00010534, -0.00427136
 0.000105344, -0.00389447
 0.000105348, -0.00389447
 0.000105352, -0.00427136
 0.000105356, -0.00427136
  0.00010536,  -0.0040201
 0.000105364, -0.00414573
 0.000105368, -0.00439698
 0.000105372, -0.00427136
 0.000105376,  -0.0040201
  0.00010538, -0.00414573
 0.000105384, -0.00427136
 0.000105388, -0.00414573
 0.000105392,  -0.0040201
 0.000105396, -0.00439698
   0.0001054, -0.00452261
 0.000105404, -0.00439698
 0.000105408, -0.00414573
 0.000105412, -0.00414573
 0.000105416, -0.00439698
  0.00010542, -0.00427136
 0.000105424, -0.00414573
 0.000105428, -0.00414573
 0.000105432, -0.00439698
 0.000105436, -0.00427136
  0.00010544, -0.00414573
 0.000105444, -0.00427136
 0.000105448, -0.00439698
 0.000105452, -0.00414573
 0.000105456,  -0.0040201
  0.00010546, -0.00427136
 0.000105464, -0.00439698
 0.000105468, -0.00414573
 0.000105472,  -0.0040201
 0.000105476, -0.00414573
  0.00010548, -0.00427136
 0.000105484, -0.00414573
 0.000105488, -0.00414573
 0.000105492, -0.00414573
 0.000105496, -0.00427136
   0.0001055, -0.00414573
 0.000105504, -0.00414573
 0.000105508, -0.00414573
 0.000105512, -0.00414573
 0.000105516, -0.00389447
  0.00010552, -0.00414573
 0.000105524, -0.00439698
 0.000105528, -0.00414573
 0.000105532, -0.00414573
 0.000105536,  -0.0040201
  0.00010554, -0.00414573
 0.000105544, -0.00414573
 0.000105548,  -0.0040201
 0.000105552,  -0.0040201
 0.000105556,  -0.0040201
  0.00010556, -0.00414573
 0.000105564, -0.00427136
 0.000105568, -0.00376884
 0.000105572,  -0.0040201
 0.000105576, -0.00414573
  0.00010558,  -0.0040201
 0.000105584, -0.00376884
 0.000105588,  -0.0040201
 0.000105592, -0.00427136
 0.000105596, -0.00389447
   0.0001056, -0.00376884
 0.000105604, -0.00427136
 0.000105608, -0.00389447
 0.000105612, -0.00364322
 0.000105616, -0.00376884
  0.00010562, -0.00414573
 0.000105624, -0.00376884
 0.000105628, -0.00364322
 0.000105632,  -0.0040201
 0.000105636,  -0.0040201
  0.00010564, -0.00364322
 0.000105644, -0.00364322
 0.000105648, -0.00376884
 0.000105652, -0.00389447
 0.000105656, -0.00376884
  0.00010566, -0.00364322
 0.000105664, -0.00351759
 0.000105668, -0.00364322
 0.000105672, -0.00364322
 0.000105676, -0.00339196
  0.00010568, -0.00339196
 0.000105684, -0.00351759
 0.000105688, -0.00339196
 0.000105692, -0.00351759
 0.000105696, -0.00351759
   0.0001057, -0.00351759
 0.000105704, -0.00339196
 0.000105708, -0.00339196
 0.000105712, -0.00351759
 0.000105716, -0.00326633
  0.00010572, -0.00326633
 0.000105724, -0.00326633
 0.000105728, -0.00326633
 0.000105732, -0.00339196
 0.000105736, -0.00301508
  0.00010574,  -0.0031407
 0.000105744, -0.00326633
 0.000105748,  -0.0031407
 0.000105752, -0.00301508
 0.000105756,  -0.0031407
  0.00010576, -0.00326633
 0.000105764, -0.00326633
 0.000105768,  -0.0031407
 0.000105772,  -0.0031407
 0.000105776, -0.00301508
  0.00010578, -0.00326633
 0.000105784,  -0.0031407
 0.000105788, -0.00301508
 0.000105792, -0.00288945
 0.000105796, -0.00301508
   0.0001058, -0.00288945
 0.000105804, -0.00288945
 0.000105808, -0.00288945
 0.000105812, -0.00301508
 0.000105816, -0.00288945
  0.00010582, -0.00276382
 0.000105824, -0.00263819
 0.000105828, -0.00288945
 0.000105832, -0.00276382
 0.000105836, -0.00251256
  0.00010584, -0.00251256
 0.000105844, -0.00276382
 0.000105848, -0.00263819
 0.000105852, -0.00226131
 0.000105856, -0.00251256
  0.00010586, -0.00263819
 0.000105864, -0.00238693
 0.000105868, -0.00226131
 0.000105872, -0.00238693
 0.000105876, -0.00238693
  0.00010588, -0.00226131
 0.000105884, -0.00213568
 0.000105888, -0.00226131
 0.000105892, -0.00251256
 0.000105896, -0.00226131
   0.0001059, -0.00213568
 0.000105904, -0.00238693
 0.000105908, -0.00226131
 0.000105912, -0.00188442
 0.000105916, -0.00201005
  0.00010592, -0.00238693
 0.000105924, -0.00213568
 0.000105928, -0.00188442
 0.000105932, -0.00201005
 0.000105936, -0.00201005
  0.00010594, -0.00188442
 0.000105944, -0.00175879
 0.000105948, -0.00188442
 0.000105952, -0.00175879
 0.000105956, -0.00175879
  0.00010596, -0.00150754
 0.000105964, -0.00150754
 0.000105968, -0.00150754
 0.000105972, -0.00163317
 0.000105976, -0.00150754
  0.00010598, -0.00125628
 0.000105984, -0.00150754
 0.000105988, -0.00163317
 0.000105992, -0.00138191
 0.000105996, -0.00150754
    0.000106, -0.00163317
 0.000106004, -0.00150754
 0.000106008, -0.00138191
 0.000106012, -0.00150754
 0.000106016, -0.00150754
  0.00010602, -0.00125628
 0.000106024, -0.00125628
 0.000106028, -0.00138191
 0.000106032, -0.00125628
 0.000106036, -0.00150754
  0.00010604, -0.00138191
 0.000106044, -0.00125628
 0.000106048, -0.00125628
 0.000106052, -0.00125628
 0.000106056, -0.00113065
  0.00010606, -0.00100503
 0.000106064, -0.00125628
 0.000106068, -0.00138191
 0.000106072, -0.00100503
 0.000106076,-0.000879397
  0.00010608, -0.00125628
 0.000106084, -0.00125628
 0.000106088,-0.000753769
 0.000106092,-0.000879397
 0.000106096, -0.00138191
   0.0001061, -0.00113065
 0.000106104,-0.000879397
 0.000106108, -0.00100503
 0.000106112, -0.00113065
 0.000106116,-0.000753769
  0.00010612,-0.000753769
 0.000106124, -0.00113065
 0.000106128, -0.00100503
 0.000106132,-0.000753769
 0.000106136,-0.000753769
  0.00010614,-0.000879397
 0.000106144,-0.000879397
 0.000106148,-0.000628141
 0.000106152,-0.000628141
 0.000106156,-0.000753769
  0.00010616,-0.000753769
 0.000106164,-0.000879397
 0.000106168,-0.000753769
 0.000106172,-0.000753769
 0.000106176,-0.000879397
  0.00010618,-0.000879397
 0.000106184,-0.000628141
 0.000106188,-0.000753769
 0.000106192,-0.000628141
 0.000106196,-0.000628141
   0.0001062,-0.000628141
 0.000106204,-0.000753769
 0.000106208,-0.000753769
 0.000106212,-0.000502513
 0.000106216,-0.000879397
  0.00010622,-0.000753769
 0.000106224,-0.000502513
 0.000106228,-0.000628141
 0.000106232,-0.000628141
 0.000106236,-0.000628141
  0.00010624,-0.000753769
 0.000106244,-0.000376884
 0.000106248,-0.000251256
 0.000106252,-0.000502513
 0.000106256,-0.000753769
  0.00010626,-0.000376884
 0.000106264,-0.000251256
 0.000106268,-0.000628141
 0.000106272,-0.000502513
 0.000106276,-0.000251256
  0.00010628,-0.000628141
 0.000106284,-0.000502513
 0.000106288,-0.000376884
 0.000106292,-0.000502513
 0.000106296,-0.000753769
   0.0001063,-0.000502513
 0.000106304,-0.000251256
 0.000106308,-0.000502513
 0.000106312,-0.000753769
 0.000106316,-0.000628141
  0.00010632,-0.000376884
 0.000106324,-0.000502513
 0.000106328,-0.000628141
 0.000106332,-0.000628141
 0.000106336,-0.000502513
  0.00010634,-0.000502513
 0.000106344,-0.000376884
 0.000106348,-0.000376884
 0.000106352,-0.000502513
 0.000106356,-0.000628141
  0.00010636,-0.000376884
 0.000106364,-0.000502513
 0.000106368,-0.000753769
 0.000106372,-0.000753769
 0.000106376,-0.000376884
  0.00010638,-0.000502513
 0.000106384,-0.000628141
 0.000106388,-0.000753769
 0.000106392,-0.000502513
 0.000106396,-0.000753769
   0.0001064,-0.000753769
 0.000106404,-0.000628141
 0.000106408,-0.000753769
 0.000106412,-0.000879397
 0.000106416,-0.000753769
  0.00010642,-0.000628141
 0.000106424,-0.000753769
 0.000106428,-0.000879397
 0.000106432,-0.000753769
 0.000106436,-0.000502513
  0.00010644,-0.000753769
 0.000106444,-0.000879397
 0.000106448,-0.000879397
 0.000106452,-0.000753769
 0.000106456,-0.000628141
  0.00010646,-0.000879397
 0.000106464, -0.00100503
 0.000106468,-0.000628141
 0.000106472,-0.000879397
 0.000106476,-0.000879397
  0.00010648, -0.00100503
 0.000106484, -0.00100503
 0.000106488, -0.00113065
 0.000106492, -0.00125628
 0.000106496, -0.00100503
   0.0001065, -0.00125628
 0.000106504, -0.00138191
 0.000106508, -0.00125628
 0.000106512, -0.00100503
 0.000106516, -0.00113065
  0.00010652, -0.00125628
 0.000106524, -0.00138191
 0.000106528, -0.00113065
 0.000106532, -0.00125628
 0.000106536, -0.00125628
  0.00010654, -0.00125628
 0.000106544, -0.00138191
 0.000106548, -0.00125628
 0.000106552, -0.00138191
 0.000106556, -0.00138191
  0.00010656, -0.00138191
 0.000106564, -0.00138191
 0.000106568, -0.00150754
 0.000106572, -0.00175879
 0.000106576, -0.00150754
  0.00010658, -0.00138191
 0.000106584, -0.00175879
 0.000106588, -0.00213568
 0.000106592, -0.00163317
 0.000106596, -0.00150754
   0.0001066, -0.00201005
 0.000106604, -0.00213568
 0.000106608, -0.00175879
 0.000106612, -0.00175879
 0.000106616, -0.00201005
  0.00010662, -0.00213568
 0.000106624, -0.00188442
 0.000106628, -0.00201005
 0.000106632, -0.00238693
 0.000106636, -0.00213568
  0.00010664, -0.00201005
 0.000106644, -0.00213568
 0.000106648, -0.00251256
 0.000106652, -0.00226131
 0.000106656, -0.00201005
  0.00010666, -0.00238693
 0.000106664, -0.00251256
 0.000106668, -0.00238693
 0.000106672, -0.00263819
 0.000106676, -0.00226131
  0.00010668, -0.00251256
 0.000106684, -0.00263819
 0.000106688, -0.00276382
 0.000106692, -0.00263819
 0.000106696, -0.00263819
   0.0001067, -0.00288945
 0.000106704, -0.00288945
 0.000106708, -0.00263819
 0.000106712, -0.00301508
 0.000106716,  -0.0031407
  0.00010672, -0.00288945
 0.000106724,  -0.0031407
 0.000106728, -0.00339196
 0.000106732, -0.00326633
 0.000106736, -0.00288945
  0.00010674, -0.00326633
 0.000106744, -0.00351759
 0.000106748, -0.00326633
 0.000106752, -0.00326633
 0.000106756, -0.00339196
  0.00010676, -0.00351759
 0.000106764, -0.00351759
 0.000106768, -0.00364322
 0.000106772, -0.00364322
 0.000106776, -0.00364322
  0.00010678, -0.00376884
 0.000106784, -0.00376884
 0.000106788, -0.00389447
 0.000106792, -0.00414573
 0.000106796,  -0.0040201
   0.0001068, -0.00376884
 0.000106804, -0.00414573
 0.000106808, -0.00439698
 0.000106812,  -0.0040201
 0.000106816,  -0.0040201
  0.00010682, -0.00477387
 0.000106824, -0.00452261
 0.000106828,  -0.0040201
 0.000106832, -0.00439698
 0.000106836, -0.00464824
  0.00010684, -0.00477387
 0.000106844, -0.00452261
 0.000106848, -0.00452261
 0.000106852, -0.00464824
 0.000106856, -0.00477387
  0.00010686, -0.00502513
 0.000106864,  -0.0048995
 0.000106868,  -0.0048995
 0.000106872, -0.00515075
 0.000106876, -0.00502513
  0.00010688, -0.00502513
 0.000106884, -0.00540201
 0.000106888, -0.00527638
 0.000106892, -0.00515075
 0.000106896, -0.00540201
   0.0001069, -0.00552764
 0.000106904, -0.00540201
 0.000106908, -0.00540201
 0.000106912, -0.00577889
 0.000106916, -0.00577889
  0.00010692, -0.00565327
 0.000106924, -0.00565327
 0.000106928, -0.00577889
 0.000106932, -0.00565327
 0.000106936, -0.00590452
  0.00010694, -0.00577889
 0.000106944, -0.00590452
 0.000106948, -0.00603015
 0.000106952, -0.00615578
 0.000106956, -0.00615578
  0.00010696, -0.00603015
 0.000106964, -0.00628141
 0.000106968, -0.00640704
 0.000106972, -0.00615578
 0.000106976, -0.00615578
  0.00010698, -0.00628141
 0.000106984, -0.00640704
 0.000106988, -0.00665829
 0.000106992, -0.00665829
 0.000106996, -0.00678392
    0.000107, -0.00690955
 0.000107004, -0.00690955
 0.000107008, -0.00678392
 0.000107012, -0.00703518
 0.000107016, -0.00703518
  0.00010702, -0.00703518
 0.000107024, -0.00703518
 0.000107028, -0.00728643
 0.000107032, -0.00741206
 0.000107036, -0.00741206
  0.00010704,  -0.0071608
 0.000107044, -0.00741206
 0.000107048, -0.00753769
 0.000107052, -0.00753769
 0.000107056, -0.00741206
  0.00010706, -0.00766332
 0.000107064, -0.00791457
 0.000107068, -0.00753769
 0.000107072, -0.00791457
 0.000107076,  -0.0080402
  0.00010708, -0.00766332
 0.000107084, -0.00778894
 0.000107088, -0.00816583
 0.000107092,  -0.0080402
 0.000107096, -0.00816583
   0.0001071, -0.00841709
 0.000107104, -0.00866834
 0.000107108, -0.00841709
 0.000107112, -0.00841709
 0.000107116, -0.00854271
  0.00010712, -0.00841709
 0.000107124, -0.00854271
 0.000107128, -0.00854271
 0.000107132, -0.00854271
 0.000107136, -0.00866834
  0.00010714, -0.00879397
 0.000107144, -0.00879397
 0.000107148, -0.00866834
 0.000107152, -0.00879397
 0.000107156, -0.00917085
  0.00010716, -0.00904523
 0.000107164, -0.00904523
 0.000107168, -0.00917085
 0.000107172, -0.00929648
 0.000107176, -0.00942211
  0.00010718, -0.00954774
 0.000107184, -0.00942211
 0.000107188, -0.00954774
 0.000107192, -0.00954774
 0.000107196,   -0.009799
   0.0001072,   -0.009799
 0.000107204,   -0.009799
 0.000107208, -0.00967337
 0.000107212,  -0.0100503
 0.000107216,  -0.0100503
  0.00010722,  -0.0100503
 0.000107224,  -0.0100503
 0.000107228,  -0.0101759
 0.000107232,  -0.0103015
 0.000107236,  -0.0103015
  0.00010724,  -0.0103015
 0.000107244,  -0.0103015
 0.000107248,  -0.0103015
 0.000107252,  -0.0105528
 0.000107256,  -0.0105528
  0.00010726,  -0.0104271
 0.000107264,   -0.010804
 0.000107268,  -0.0106784
 0.000107272,  -0.0106784
 0.000107276,   -0.010804
  0.00010728,  -0.0110553
 0.000107284,  -0.0110553
 0.000107288,  -0.0109296
 0.000107292,  -0.0110553
 0.000107296,  -0.0113065
   0.0001073,  -0.0114322
 0.000107304,  -0.0114322
 0.000107308,  -0.0115578
 0.000107312,  -0.0115578
 0.000107316,  -0.0114322
  0.00010732,  -0.0115578
 0.000107324,   -0.011809
 0.000107328,   -0.011809
 0.000107332,  -0.0115578
 0.000107336,  -0.0116834
  0.00010734,  -0.0119347
 0.000107344,  -0.0119347
 0.000107348,  -0.0119347
 0.000107352,   -0.011809
 0.000107356,  -0.0120603
  0.00010736,  -0.0123116
 0.000107364,  -0.0123116
 0.000107368,  -0.0121859
 0.000107372,  -0.0123116
 0.000107376,  -0.0126884
  0.00010738,  -0.0126884
 0.000107384,  -0.0123116
 0.000107388,  -0.0126884
 0.000107392,  -0.0128141
 0.000107396,  -0.0126884
   0.0001074,  -0.0129397
 0.000107404,   -0.013191
 0.000107408,  -0.0129397
 0.000107412,  -0.0128141
 0.000107416,   -0.013191
  0.00010742,  -0.0133166
 0.000107424,   -0.013191
 0.000107428,   -0.013191
 0.000107432,   -0.013191
 0.000107436,   -0.013191
  0.00010744,  -0.0135678
 0.000107444,  -0.0135678
 0.000107448,   -0.013191
 0.000107452,  -0.0135678
 0.000107456,  -0.0138191
  0.00010746,  -0.0136935
 0.000107464,  -0.0135678
 0.000107468,  -0.0139447
 0.000107472,   -0.014196
 0.000107476,  -0.0139447
  0.00010748,   -0.014196
 0.000107484,  -0.0144472
 0.000107488,  -0.0144472
 0.000107492,  -0.0143216
 0.000107496,  -0.0144472
   0.0001075,  -0.0146985
 0.000107504,  -0.0148241
 0.000107508,  -0.0146985
 0.000107512,  -0.0146985
 0.000107516,  -0.0149497
  0.00010752,  -0.0149497
 0.000107524,  -0.0149497
 0.000107528,   -0.015201
 0.000107532,   -0.015201
 0.000107536,  -0.0150754
  0.00010754,  -0.0150754
 0.000107544,  -0.0154523
 0.000107548,  -0.0154523
 0.000107552,  -0.0153266
 0.000107556,  -0.0154523
  0.00010756,  -0.0157035
 0.000107564,  -0.0157035
 0.000107568,  -0.0158291
 0.000107572,  -0.0159548
 0.000107576,  -0.0157035
  0.00010758,  -0.0160804
 0.000107584,  -0.0160804
 0.000107588,   -0.016206
 0.000107592,  -0.0160804
 0.000107596,  -0.0163317
   0.0001076,  -0.0164573
 0.000107604,  -0.0163317
 0.000107608,  -0.0165829
 0.000107612,  -0.0167085
 0.000107616,  -0.0165829
  0.00010762,  -0.0167085
 0.000107624,  -0.0170854
 0.000107628,  -0.0170854
 0.000107632,  -0.0170854
 0.000107636,  -0.0170854
  0.00010764,  -0.0172111
 0.000107644,  -0.0174623
 0.000107648,  -0.0173367
 0.000107652,  -0.0174623
 0.000107656,  -0.0177136
  0.00010766,  -0.0178392
 0.000107664,  -0.0179648
 0.000107668,  -0.0179648
 0.000107672,  -0.0180905
 0.000107676,  -0.0182161
  0.00010768,  -0.0180905
 0.000107684,  -0.0182161
 0.000107688,  -0.0183417
 0.000107692,  -0.0184673
 0.000107696,   -0.018593
   0.0001077,  -0.0187186
 0.000107704,  -0.0188442
 0.000107708,  -0.0188442
 0.000107712,  -0.0188442
 0.000107716,  -0.0190955
  0.00010772,  -0.0192211
 0.000107724,  -0.0190955
 0.000107728,  -0.0193467
 0.000107732,  -0.0193467
 0.000107736,  -0.0193467
  0.00010774,   -0.019598
 0.000107744,   -0.019598
 0.000107748,   -0.019598
 0.000107752,  -0.0197236
 0.000107756,  -0.0199749
  0.00010776,  -0.0201005
 0.000107764,  -0.0199749
 0.000107768,  -0.0201005
 0.000107772,  -0.0204774
 0.000107776,  -0.0203518
  0.00010778,   -0.020603
 0.000107784,  -0.0204774
 0.000107788,   -0.020603
 0.000107792,  -0.0209799
 0.000107796,  -0.0211055
   0.0001078,  -0.0211055
 0.000107804,  -0.0211055
 0.000107808,  -0.0211055
 0.000107812,  -0.0213568
 0.000107816,  -0.0213568
  0.00010782,   -0.021608
 0.000107824,  -0.0214824
 0.000107828,  -0.0214824
 0.000107832,  -0.0219849
 0.000107836,  -0.0221106
  0.00010784,  -0.0218593
 0.000107844,  -0.0219849
 0.000107848,  -0.0223618
 0.000107852,  -0.0222362
 0.000107856,  -0.0224874
  0.00010786,  -0.0227387
 0.000107864,  -0.0227387
 0.000107868,  -0.0226131
 0.000107872,  -0.0229899
 0.000107876,  -0.0229899
  0.00010788,  -0.0229899
 0.000107884,  -0.0232412
 0.000107888,  -0.0234925
 0.000107892,  -0.0233668
 0.000107896,  -0.0237437
   0.0001079,  -0.0238693
 0.000107904,  -0.0236181
 0.000107908,  -0.0237437
 0.000107912,  -0.0242462
 0.000107916,   -0.023995
  0.00010792,  -0.0238693
 0.000107924,  -0.0243719
 0.000107928,  -0.0247487
 0.000107932,  -0.0243719
 0.000107936,  -0.0244975
  0.00010794,      -0.025
 0.000107944,  -0.0248744
 0.000107948,  -0.0247487
 0.000107952,  -0.0251256
 0.000107956,  -0.0251256
  0.00010796,  -0.0251256
 0.000107964,  -0.0253769
 0.000107968,  -0.0255025
 0.000107972,  -0.0255025
 0.000107976,  -0.0257538
  0.00010798,   -0.026005
 0.000107984,  -0.0258794
 0.000107988,   -0.026005
 0.000107992,  -0.0265075
 0.000107996,  -0.0265075
    0.000108,  -0.0263819
 0.000108004,  -0.0268844
 0.000108008,    -0.02701
 0.000108012,  -0.0268844
 0.000108016,    -0.02701
  0.00010802,  -0.0271357
 0.000108024,  -0.0275126
 0.000108028,  -0.0272613
 0.000108032,  -0.0275126
 0.000108036,  -0.0277638
  0.00010804,  -0.0278894
 0.000108044,  -0.0277638
 0.000108048,  -0.0278894
 0.000108052,  -0.0281407
 0.000108056,  -0.0281407
  0.00010806,  -0.0282663
 0.000108064,  -0.0286432
 0.000108068,  -0.0285176
 0.000108072,  -0.0286432
 0.000108076,  -0.0291457
  0.00010808,  -0.0290201
 0.000108084,  -0.0290201
 0.000108088,  -0.0292714
 0.000108092,   -0.029397
 0.000108096,  -0.0295226
   0.0001081,  -0.0296482
 0.000108104,  -0.0298995
 0.000108108,  -0.0298995
 0.000108112,  -0.0298995
 0.000108116,  -0.0302764
  0.00010812,   -0.030402
 0.000108124,  -0.0302764
 0.000108128,   -0.030402
 0.000108132,  -0.0305276
 0.000108136,  -0.0307789
  0.00010814,  -0.0307789
 0.000108144,  -0.0307789
 0.000108148,  -0.0311558
 0.000108152,   -0.031407
 0.000108156,   -0.031407
  0.00010816,   -0.031407
 0.000108164,  -0.0316583
 0.000108168,  -0.0317839
 0.000108172,  -0.0319095
 0.000108176,  -0.0320352
  0.00010818,  -0.0322864
 0.000108184,  -0.0322864
 0.000108188,  -0.0322864
 0.000108192,  -0.0326633
 0.000108196,  -0.0329146
   0.0001082,  -0.0329146
 0.000108204,  -0.0330402
 0.000108208,  -0.0330402
 0.000108212,  -0.0332915
 0.000108216,  -0.0332915
  0.00010822,  -0.0332915
 0.000108224,  -0.0336683
 0.000108228,   -0.033794
 0.000108232,   -0.033794
 0.000108236,  -0.0336683
  0.00010824,  -0.0339196
 0.000108244,  -0.0342965
 0.000108248,  -0.0341709
 0.000108252,  -0.0340452
 0.000108256,  -0.0345477
  0.00010826,  -0.0346734
 0.000108264,   -0.034799
 0.000108268,   -0.034799
 0.000108272,  -0.0350503
 0.000108276,  -0.0351759
  0.00010828,  -0.0350503
 0.000108284,  -0.0353015
 0.000108288,  -0.0356784
 0.000108292,  -0.0355528
 0.000108296,  -0.0355528
   0.0001083,  -0.0359296
 0.000108304,  -0.0360553
 0.000108308,  -0.0361809
 0.000108312,  -0.0361809
 0.000108316,  -0.0361809
  0.00010832,  -0.0365578
 0.000108324,  -0.0366834
 0.000108328,  -0.0366834
 0.000108332,  -0.0366834
 0.000108336,  -0.0370603
  0.00010834,  -0.0371859
 0.000108344,  -0.0370603
 0.000108348,  -0.0371859
 0.000108352,  -0.0374372
 0.000108356,  -0.0374372
  0.00010836,  -0.0376884
 0.000108364,  -0.0378141
 0.000108368,  -0.0378141
 0.000108372,  -0.0379397
 0.000108376,   -0.038191
  0.00010838,  -0.0384422
 0.000108384,   -0.038191
 0.000108388,  -0.0384422
 0.000108392,  -0.0388191
 0.000108396,  -0.0389447
   0.0001084,  -0.0386935
 0.000108404,  -0.0388191
 0.000108408,  -0.0389447
 0.000108412,  -0.0390704
 0.000108416,  -0.0390704
  0.00010842,  -0.0394472
 0.000108424,  -0.0395729
 0.000108428,  -0.0394472
 0.000108432,  -0.0396985
 0.000108436,  -0.0399497
  0.00010844,  -0.0399497
 0.000108444,  -0.0398241
 0.000108448,   -0.040201
 0.000108452,  -0.0400754
 0.000108456,  -0.0403266
  0.00010846,  -0.0404523
 0.000108464,  -0.0407035
 0.000108468,  -0.0407035
 0.000108472,  -0.0407035
 0.000108476,  -0.0410804
  0.00010848,   -0.041206
 0.000108484,   -0.041206
 0.000108488,  -0.0414573
 0.000108492,  -0.0415829
 0.000108496,  -0.0417085
   0.0001085,  -0.0418342
 0.000108504,  -0.0418342
 0.000108508,  -0.0419598
 0.000108512,  -0.0419598
 0.000108516,  -0.0420854
  0.00010852,  -0.0422111
 0.000108524,  -0.0420854
 0.000108528,  -0.0423367
 0.000108532,  -0.0424623
 0.000108536,  -0.0423367
  0.00010854,  -0.0425879
 0.000108544,  -0.0428392
 0.000108548,  -0.0429648
 0.000108552,  -0.0428392
 0.000108556,  -0.0429648
  0.00010856,  -0.0433417
 0.000108564,  -0.0434673
 0.000108568,  -0.0433417
 0.000108572,   -0.043593
 0.000108576,  -0.0438442
  0.00010858,  -0.0438442
 0.000108584,  -0.0439698
 0.000108588,  -0.0440955
 0.000108592,  -0.0443467
 0.000108596,  -0.0443467
   0.0001086,  -0.0443467
 0.000108604,   -0.044598
 0.000108608,   -0.044598
 0.000108612,   -0.044598
 0.000108616,  -0.0447236
  0.00010862,  -0.0449749
 0.000108624,  -0.0451005
 0.000108628,  -0.0451005
 0.000108632,  -0.0452261
 0.000108636,  -0.0454774
  0.00010864,  -0.0454774
 0.000108644,  -0.0453518
 0.000108648,  -0.0457286
 0.000108652,   -0.045603
 0.000108656,  -0.0458543
  0.00010866,  -0.0459799
 0.000108664,  -0.0459799
 0.000108668,  -0.0461055
 0.000108672,   -0.046608
 0.000108676,  -0.0463568
  0.00010868,  -0.0462312
 0.000108684,   -0.046608
 0.000108688,  -0.0472362
 0.000108692,  -0.0468593
 0.000108696,  -0.0468593
   0.0001087,  -0.0472362
 0.000108704,  -0.0472362
 0.000108708,  -0.0473618
 0.000108712,  -0.0474874
 0.000108716,  -0.0474874
  0.00010872,  -0.0476131
 0.000108724,  -0.0477387
 0.000108728,  -0.0478643
 0.000108732,  -0.0479899
 0.000108736,  -0.0481156
  0.00010874,  -0.0478643
 0.000108744,  -0.0478643
 0.000108748,  -0.0483668
 0.000108752,  -0.0484925
 0.000108756,  -0.0481156
  0.00010876,  -0.0482412
 0.000108764,  -0.0488693
 0.000108768,  -0.0488693
 0.000108772,  -0.0488693
 0.000108776,  -0.0488693
  0.00010878,  -0.0492462
 0.000108784,  -0.0492462
 0.000108788,  -0.0493719
 0.000108792,  -0.0496231
 0.000108796,  -0.0497487
   0.0001088,  -0.0498744
 0.000108804,  -0.0498744
 0.000108808,       -0.05
 0.000108812,  -0.0501256
 0.000108816,  -0.0502513
  0.00010882,  -0.0502513
 0.000108824,  -0.0502513
 0.000108828,  -0.0505025
 0.000108832,  -0.0507538
 0.000108836,  -0.0506281
  0.00010884,  -0.0506281
 0.000108844,  -0.0508794
 0.000108848,  -0.0511307
 0.000108852,  -0.0508794
 0.000108856,  -0.0512563
  0.00010886,  -0.0515075
 0.000108864,  -0.0513819
 0.000108868,  -0.0512563
 0.000108872,  -0.0516332
 0.000108876,  -0.0517588
  0.00010888,  -0.0516332
 0.000108884,  -0.0516332
 0.000108888,  -0.0521357
 0.000108892,  -0.0522613
 0.000108896,  -0.0523869
   0.0001089,  -0.0525126
 0.000108904,  -0.0526382
 0.000108908,  -0.0528894
 0.000108912,  -0.0528894
 0.000108916,  -0.0527638
  0.00010892,  -0.0531407
 0.000108924,  -0.0532663
 0.000108928,  -0.0531407
 0.000108932,   -0.053392
 0.000108936,  -0.0536432
  0.00010894,  -0.0536432
 0.000108944,  -0.0536432
 0.000108948,  -0.0537688
 0.000108952,  -0.0541457
 0.000108956,  -0.0540201
  0.00010896,  -0.0541457
 0.000108964,  -0.0542714
 0.000108968,   -0.054397
 0.000108972,  -0.0546482
 0.000108976,  -0.0547739
  0.00010898,  -0.0548995
 0.000108984,  -0.0548995
 0.000108988,  -0.0552764
 0.000108992,  -0.0552764
 0.000108996,   -0.055402
    0.000109,  -0.0555276
 0.000109004,  -0.0557789
 0.000109008,  -0.0555276
 0.000109012,  -0.0556533
 0.000109016,  -0.0560302
  0.00010902,  -0.0560302
 0.000109024,  -0.0559045
 0.000109028,  -0.0562814
 0.000109032,  -0.0562814
 0.000109036,  -0.0562814
  0.00010904,  -0.0565327
 0.000109044,  -0.0566583
 0.000109048,  -0.0565327
 0.000109052,  -0.0566583
 0.000109056,  -0.0571608
  0.00010906,  -0.0570352
 0.000109064,  -0.0571608
 0.000109068,  -0.0575377
 0.000109072,  -0.0576633
 0.000109076,  -0.0576633
  0.00010908,  -0.0579146
 0.000109084,  -0.0581658
 0.000109088,  -0.0582915
 0.000109092,  -0.0581658
 0.000109096,  -0.0584171
   0.0001091,  -0.0585427
 0.000109104,  -0.0585427
 0.000109108,  -0.0584171
 0.000109112,   -0.058794
 0.000109116,  -0.0589196
  0.00010912,  -0.0590452
 0.000109124,  -0.0590452
 0.000109128,  -0.0592965
 0.000109132,  -0.0596734
 0.000109136,  -0.0595477
  0.00010914,  -0.0595477
 0.000109144,   -0.059799
 0.000109148,  -0.0599246
 0.000109152,  -0.0601759
 0.000109156,  -0.0601759
  0.00010916,  -0.0603015
 0.000109164,  -0.0604271
 0.000109168,  -0.0605528
 0.000109172,   -0.060804
 0.000109176,  -0.0609296
  0.00010918,   -0.060804
 0.000109184,  -0.0611809
 0.000109188,  -0.0613065
 0.000109192,  -0.0614322
 0.000109196,  -0.0614322
   0.0001092,  -0.0614322
 0.000109204,  -0.0619347
 0.000109208,   -0.061809
 0.000109212,   -0.061809
 0.000109216,  -0.0619347
  0.00010922,  -0.0623116
 0.000109224,  -0.0624372
 0.000109228,  -0.0623116
 0.000109232,  -0.0625628
 0.000109236,  -0.0628141
  0.00010924,  -0.0628141
 0.000109244,  -0.0628141
 0.000109248,  -0.0630653
 0.000109252,  -0.0633166
 0.000109256,  -0.0633166
  0.00010926,  -0.0633166
 0.000109264,  -0.0636935
 0.000109268,  -0.0639447
 0.000109272,  -0.0639447
 0.000109276,  -0.0639447
  0.00010928,  -0.0643216
 0.000109284,  -0.0644472
 0.000109288,  -0.0645729
 0.000109292,  -0.0648241
 0.000109296,  -0.0648241
   0.0001093,  -0.0646985
 0.000109304,   -0.065201
 0.000109308,  -0.0653266
 0.000109312,  -0.0650754
 0.000109316,  -0.0650754
  0.00010932,  -0.0658291
 0.000109324,  -0.0658291
 0.000109328,  -0.0654523
 0.000109332,  -0.0660804
 0.000109336,  -0.0663317
  0.00010934,  -0.0659548
 0.000109344,   -0.066206
 0.000109348,  -0.0667085
 0.000109352,  -0.0667085
 0.000109356,  -0.0664573
  0.00010936,  -0.0669598
 0.000109364,  -0.0670854
 0.000109368,  -0.0670854
 0.000109372,  -0.0673367
 0.000109376,  -0.0674623
  0.00010938,  -0.0674623
 0.000109384,  -0.0677136
 0.000109388,  -0.0679648
 0.000109392,  -0.0678392
 0.000109396,  -0.0682161
   0.0001094,  -0.0683417
 0.000109404,  -0.0683417
 0.000109408,   -0.068593
 0.000109412,   -0.068593
 0.000109416,  -0.0688442
  0.00010942,  -0.0688442
 0.000109424,  -0.0692211
 0.000109428,  -0.0693467
 0.000109432,  -0.0693467
 0.000109436,  -0.0693467
  0.00010944,  -0.0694724
 0.000109444,   -0.069598
 0.000109448,  -0.0698492
 0.000109452,  -0.0698492
 0.000109456,  -0.0698492
  0.00010946,  -0.0702261
 0.000109464,   -0.070603
 0.000109468,  -0.0704774
 0.000109472,   -0.070603
 0.000109476,  -0.0708543
  0.00010948,  -0.0711055
 0.000109484,  -0.0708543
 0.000109488,  -0.0712312
 0.000109492,  -0.0713568
 0.000109496,   -0.071608
   0.0001095,   -0.071608
 0.000109504,  -0.0718593
 0.000109508,  -0.0719849
 0.000109512,  -0.0719849
 0.000109516,  -0.0719849
  0.00010952,  -0.0722362
 0.000109524,  -0.0724874
 0.000109528,  -0.0726131
 0.000109532,  -0.0726131
 0.000109536,  -0.0724874
  0.00010954,  -0.0728643
 0.000109544,  -0.0731156
 0.000109548,  -0.0729899
 0.000109552,  -0.0729899
 0.000109556,  -0.0733668
  0.00010956,  -0.0734925
 0.000109564,  -0.0737437
 0.000109568,   -0.073995
 0.000109572,   -0.073995
 0.000109576,  -0.0741206
  0.00010958,  -0.0742462
 0.000109584,  -0.0744975
 0.000109588,  -0.0746231
 0.000109592,  -0.0744975
 0.000109596,      -0.075
   0.0001096,  -0.0751256
 0.000109604,  -0.0751256
 0.000109608,  -0.0752513
 0.000109612,  -0.0755025
 0.000109616,  -0.0756281
  0.00010962,  -0.0757538
 0.000109624,  -0.0758794
 0.000109628,   -0.076005
 0.000109632,  -0.0761307
 0.000109636,  -0.0762563
  0.00010964,  -0.0762563
 0.000109644,  -0.0761307
 0.000109648,  -0.0766332
 0.000109652,  -0.0766332
 0.000109656,  -0.0765075
  0.00010966,  -0.0768844
 0.000109664,  -0.0772613
 0.000109668,  -0.0770101
 0.000109672,  -0.0772613
 0.000109676,  -0.0776382
  0.00010968,  -0.0776382
 0.000109684,  -0.0773869
 0.000109688,  -0.0780151
 0.000109692,  -0.0781407
 0.000109696,  -0.0780151
   0.0001097,  -0.0782663
 0.000109704,  -0.0785176
 0.000109708,   -0.078392
 0.000109712,  -0.0785176
 0.000109716,  -0.0787688
  0.00010972,  -0.0787688
 0.000109724,  -0.0788945
 0.000109728,  -0.0790201
 0.000109732,  -0.0791457
 0.000109736,   -0.079397
  0.00010974,   -0.079397
 0.000109744,  -0.0795226
 0.000109748,  -0.0797739
 0.000109752,  -0.0798995
 0.000109756,  -0.0800251
  0.00010976,  -0.0798995
 0.000109764,  -0.0802764
 0.000109768,  -0.0802764
 0.000109772,   -0.080402
 0.000109776,  -0.0809045
  0.00010978,  -0.0809045
 0.000109784,  -0.0807789
 0.000109788,  -0.0809045
 0.000109792,  -0.0812814
 0.000109796,  -0.0815327
   0.0001098,  -0.0811558
 0.000109804,  -0.0812814
 0.000109808,  -0.0816583
 0.000109812,  -0.0817839
 0.000109816,  -0.0815327
  0.00010982,  -0.0819095
 0.000109824,  -0.0821608
 0.000109828,  -0.0821608
 0.000109832,  -0.0821608
 0.000109836,  -0.0825377
  0.00010984,  -0.0826633
 0.000109844,  -0.0824121
 0.000109848,  -0.0826633
 0.000109852,  -0.0827889
 0.000109856,  -0.0829146
  0.00010986,  -0.0830402
 0.000109864,  -0.0831658
 0.000109868,  -0.0832915
 0.000109872,  -0.0835427
 0.000109876,  -0.0835427
  0.00010988,  -0.0835427
 0.000109884,   -0.083794
 0.000109888,  -0.0840452
 0.000109892,  -0.0840452
 0.000109896,  -0.0840452
   0.0001099,  -0.0842965
 0.000109904,  -0.0844221
 0.000109908,  -0.0841709
 0.000109912,  -0.0844221
 0.000109916,  -0.0846734
  0.00010992,  -0.0845477
 0.000109924,  -0.0846734
 0.000109928,   -0.084799
 0.000109932,  -0.0849246
 0.000109936,  -0.0850502
  0.00010994,  -0.0850502
 0.000109944,  -0.0851759
 0.000109948,  -0.0853015
 0.000109952,  -0.0855528
 0.000109956,  -0.0855528
  0.00010996,  -0.0856784
 0.000109964,  -0.0859296
 0.000109968,  -0.0860553
 0.000109972,  -0.0859296
 0.000109976,  -0.0860553
  0.00010998,  -0.0865578
 0.000109984,  -0.0864322
 0.000109988,  -0.0864322
 0.000109992,  -0.0866834
 0.000109996,  -0.0869347
     0.00011,   -0.086809
 0.000110004,   -0.086809
 0.000110008,  -0.0870603
 0.000110012,  -0.0869347
 0.000110016,  -0.0869347
  0.00011002,  -0.0873116
 0.000110024,  -0.0871859
 0.000110028,  -0.0873116
 0.000110032,  -0.0874372
 0.000110036,  -0.0874372
  0.00011004,  -0.0875628
 0.000110044,  -0.0876884
 0.000110048,  -0.0878141
 0.000110052,  -0.0875628
 0.000110056,  -0.0878141
  0.00011006,   -0.088191
 0.000110064,  -0.0883166
 0.000110068,   -0.088191
 0.000110072,  -0.0884422
 0.000110076,  -0.0884422
  0.00011008,  -0.0885678
 0.000110084,  -0.0885678
 0.000110088,  -0.0886935
 0.000110092,  -0.0889447
 0.000110096,  -0.0889447
   0.0001101,  -0.0889447
 0.000110104,  -0.0893216
 0.000110108,  -0.0890703
 0.000110112,  -0.0889447
 0.000110116,   -0.089196
  0.00011012,  -0.0893216
 0.000110124,  -0.0893216
 0.000110128,  -0.0893216
 0.000110132,  -0.0894472
 0.000110136,  -0.0894472
  0.00011014,  -0.0896985
 0.000110144,  -0.0899497
 0.000110148,  -0.0896985
 0.000110152,  -0.0896985
 0.000110156,  -0.0899497
  0.00011016,  -0.0899497
 0.000110164,  -0.0899497
 0.000110168,   -0.090201
 0.000110172,   -0.090201
 0.000110176,   -0.090201
  0.00011018,  -0.0904523
 0.000110184,  -0.0907035
 0.000110188,  -0.0907035
 0.000110192,  -0.0905779
 0.000110196,  -0.0907035
   0.0001102,  -0.0909548
 0.000110204,  -0.0908291
 0.000110208,  -0.0908291
 0.000110212,  -0.0908291
 0.000110216,  -0.0908291
  0.00011022,   -0.091206
 0.000110224,  -0.0910804
 0.000110228,  -0.0909548
 0.000110232,  -0.0910804
 0.000110236,  -0.0913317
  0.00011024,  -0.0913317
 0.000110244,  -0.0910804
 0.000110248,   -0.091206
 0.000110252,  -0.0915829
 0.000110256,  -0.0913317
  0.00011026,  -0.0914573
 0.000110264,  -0.0917085
 0.000110268,  -0.0915829
 0.000110272,  -0.0914573
 0.000110276,  -0.0917085
  0.00011028,  -0.0919598
 0.000110284,  -0.0918342
 0.000110288,  -0.0915829
 0.000110292,  -0.0917085
 0.000110296,  -0.0920854
   0.0001103,  -0.0920854
 0.000110304,  -0.0919598
 0.000110308,  -0.0918342
 0.000110312,  -0.0920854
 0.000110316,  -0.0920854
  0.00011032,  -0.0918342
 0.000110324,  -0.0920854
 0.000110328,  -0.0922111
 0.000110332,  -0.0922111
 0.000110336,  -0.0922111
  0.00011034,  -0.0924623
 0.000110344,  -0.0925879
 0.000110348,  -0.0922111
 0.000110352,  -0.0923367
 0.000110356,  -0.0925879
  0.00011036,  -0.0925879
 0.000110364,  -0.0924623
 0.000110368,  -0.0924623
 0.000110372,  -0.0925879
 0.000110376,  -0.0925879
  0.00011038,  -0.0927136
 0.000110384,  -0.0925879
 0.000110388,  -0.0927136
 0.000110392,  -0.0927136
 0.000110396,  -0.0927136
   0.0001104,  -0.0928392
 0.000110404,  -0.0929648
 0.000110408,  -0.0927136
 0.000110412,  -0.0927136
 0.000110416,  -0.0925879
  0.00011042,  -0.0928392
 0.000110424,  -0.0928392
 0.000110428,  -0.0928392
 0.000110432,  -0.0928392
 0.000110436,  -0.0928392
  0.00011044,  -0.0927136
 0.000110444,  -0.0928392
 0.000110448,  -0.0928392
 0.000110452,  -0.0928392
 0.000110456,  -0.0928392
  0.00011046,  -0.0928392
 0.000110464,  -0.0930905
 0.000110468,  -0.0928392
 0.000110472,  -0.0930905
 0.000110476,  -0.0930905
  0.00011048,  -0.0928392
 0.000110484,  -0.0929648
 0.000110488,  -0.0933417
 0.000110492,  -0.0930905
 0.000110496,  -0.0928392
   0.0001105,  -0.0932161
 0.000110504,  -0.0933417
 0.000110508,  -0.0928392
 0.000110512,  -0.0929648
 0.000110516,  -0.0930905
  0.00011052,  -0.0928392
 0.000110524,  -0.0929648
 0.000110528,  -0.0932161
 0.000110532,  -0.0929648
 0.000110536,  -0.0928392
  0.00011054,  -0.0930905
 0.000110544,  -0.0930905
 0.000110548,  -0.0929648
 0.000110552,  -0.0928392
 0.000110556,  -0.0929648
  0.00011056,  -0.0929648
 0.000110564,  -0.0929648
 0.000110568,  -0.0930905
 0.000110572,  -0.0928392
 0.000110576,  -0.0928392
  0.00011058,  -0.0929648
 0.000110584,  -0.0928392
 0.000110588,  -0.0927136
 0.000110592,  -0.0927136
 0.000110596,  -0.0928392
   0.0001106,  -0.0928392
 0.000110604,  -0.0927136
 0.000110608,  -0.0925879
 0.000110612,  -0.0925879
 0.000110616,  -0.0925879
  0.00011062,  -0.0924623
 0.000110624,  -0.0923367
 0.000110628,  -0.0923367
 0.000110632,  -0.0924623
 0.000110636,  -0.0923367
  0.00011064,  -0.0924623
 0.000110644,  -0.0924623
 0.000110648,  -0.0922111
 0.000110652,  -0.0922111
 0.000110656,  -0.0923367
  0.00011066,  -0.0923367
 0.000110664,  -0.0922111
 0.000110668,  -0.0919598
 0.000110672,  -0.0923367
 0.000110676,  -0.0923367
  0.00011068,  -0.0922111
 0.000110684,  -0.0920854
 0.000110688,  -0.0920854
 0.000110692,  -0.0920854
 0.000110696,  -0.0920854
   0.0001107,  -0.0918342
 0.000110704,  -0.0918342
 0.000110708,  -0.0919598
 0.000110712,  -0.0918342
 0.000110716,  -0.0918342
  0.00011072,  -0.0918342
 0.000110724,  -0.0918342
 0.000110728,  -0.0917085
 0.000110732,  -0.0915829
 0.000110736,  -0.0915829
  0.00011074,  -0.0915829
 0.000110744,  -0.0914573
 0.000110748,  -0.0913317
 0.000110752,   -0.091206
 0.000110756,  -0.0914573
  0.00011076,  -0.0914573
 0.000110764,  -0.0913317
 0.000110768,  -0.0913317
 0.000110772,   -0.091206
 0.000110776,  -0.0910804
  0.00011078,  -0.0910804
 0.000110784,  -0.0909548
 0.000110788,  -0.0909548
 0.000110792,  -0.0908291
 0.000110796,  -0.0908291
   0.0001108,  -0.0905779
 0.000110804,  -0.0907035
 0.000110808,  -0.0905779
 0.000110812,  -0.0903266
 0.000110816,   -0.090201
  0.00011082,  -0.0905779
 0.000110824,   -0.090201
 0.000110828,  -0.0898241
 0.000110832,   -0.090201
 0.000110836,   -0.090201
  0.00011084,  -0.0899497
 0.000110844,  -0.0896985
 0.000110848,  -0.0898241
 0.000110852,  -0.0899497
 0.000110856,  -0.0898241
  0.00011086,  -0.0895729
 0.000110864,  -0.0896985
 0.000110868,  -0.0896985
 0.000110872,  -0.0896985
 0.000110876,  -0.0894472
  0.00011088,  -0.0893216
 0.000110884,  -0.0894472
 0.000110888,  -0.0893216
 0.000110892,  -0.0890703
 0.000110896,  -0.0893216
   0.0001109,   -0.089196
 0.000110904,  -0.0889447
 0.000110908,  -0.0886935
 0.000110912,  -0.0888191
 0.000110916,  -0.0888191
  0.00011092,  -0.0884422
 0.000110924,  -0.0883166
 0.000110928,  -0.0884422
 0.000110932,  -0.0884422
 0.000110936,  -0.0880653
  0.00011094,   -0.088191
 0.000110944,   -0.088191
 0.000110948,  -0.0879397
 0.000110952,  -0.0876884
 0.000110956,  -0.0879397
  0.00011096,  -0.0880653
 0.000110964,  -0.0876884
 0.000110968,  -0.0875628
 0.000110972,  -0.0874372
 0.000110976,  -0.0875628
  0.00011098,  -0.0875628
 0.000110984,  -0.0873116
 0.000110988,  -0.0871859
 0.000110992,  -0.0873116
 0.000110996,  -0.0873116
