     3.7E-05,   -0.138191
  3.7004E-05,   -0.138819
  3.7008E-05,   -0.140075
  3.7012E-05,   -0.140704
  3.7016E-05,    -0.14196
   3.702E-05,   -0.143216
  3.7024E-05,   -0.144472
  3.7028E-05,   -0.145101
  3.7032E-05,   -0.146357
  3.7036E-05,   -0.147613
   3.704E-05,   -0.148241
  3.7044E-05,   -0.149497
  3.7048E-05,   -0.150754
  3.7052E-05,   -0.151382
  3.7056E-05,   -0.152638
   3.706E-05,   -0.153894
  3.7064E-05,   -0.154523
  3.7068E-05,   -0.155779
  3.7072E-05,   -0.157035
  3.7076E-05,   -0.158291
   3.708E-05,    -0.15892
  3.7084E-05,   -0.160176
  3.7088E-05,   -0.161432
  3.7092E-05,   -0.162688
  3.7096E-05,   -0.163317
    3.71E-05,   -0.164573
  3.7104E-05,   -0.165201
  3.7108E-05,   -0.166457
  3.7112E-05,   -0.167085
  3.7116E-05,   -0.168342
   3.712E-05,   -0.169598
  3.7124E-05,   -0.170854
  3.7128E-05,   -0.171482
  3.7132E-05,   -0.172739
  3.7136E-05,   -0.173367
   3.714E-05,   -0.174623
  3.7144E-05,   -0.175879
  3.7148E-05,   -0.176508
  3.7152E-05,   -0.177764
  3.7156E-05,   -0.178392
   3.716E-05,   -0.179648
  3.7164E-05,   -0.180905
  3.7168E-05,   -0.181533
  3.7172E-05,   -0.182789
  3.7176E-05,   -0.183417
   3.718E-05,   -0.184045
  3.7184E-05,   -0.185302
  3.7188E-05,   -0.186558
  3.7192E-05,   -0.187186
  3.7196E-05,   -0.188442
    3.72E-05,    -0.18907
  3.7204E-05,   -0.190327
  3.7208E-05,   -0.190955
  3.7212E-05,   -0.191583
  3.7216E-05,   -0.192839
   3.722E-05,   -0.194095
  3.7224E-05,   -0.194724
  3.7228E-05,    -0.19598
  3.7232E-05,   -0.196608
  3.7236E-05,   -0.197864
   3.724E-05,   -0.198492
  3.7244E-05,   -0.199121
  3.7248E-05,   -0.200377
  3.7252E-05,   -0.201633
  3.7256E-05,   -0.202261
   3.726E-05,   -0.202889
  3.7264E-05,   -0.204146
  3.7268E-05,   -0.204774
  3.7272E-05,   -0.205402
  3.7276E-05,   -0.206658
   3.728E-05,   -0.207915
  3.7284E-05,   -0.208543
  3.7288E-05,   -0.209171
  3.7292E-05,   -0.210427
  3.7296E-05,   -0.211055
    3.73E-05,   -0.211683
  3.7304E-05,    -0.21294
  3.7308E-05,   -0.213568
  3.7312E-05,   -0.214824
  3.7316E-05,   -0.215452
   3.732E-05,    -0.21608
  3.7324E-05,   -0.217337
  3.7328E-05,   -0.217965
  3.7332E-05,   -0.219221
  3.7336E-05,   -0.219849
   3.734E-05,   -0.220477
  3.7344E-05,   -0.221734
  3.7348E-05,   -0.221734
  3.7352E-05,    -0.22299
  3.7356E-05,   -0.224246
   3.736E-05,   -0.224246
  3.7364E-05,   -0.225503
  3.7368E-05,   -0.226131
  3.7372E-05,   -0.226759
  3.7376E-05,   -0.228015
   3.738E-05,   -0.228643
  3.7384E-05,   -0.229271
  3.7388E-05,   -0.229899
  3.7392E-05,   -0.230528
  3.7396E-05,   -0.231156
    3.74E-05,   -0.232412
  3.7404E-05,    -0.23304
  3.7408E-05,   -0.234296
  3.7412E-05,   -0.234296
  3.7416E-05,   -0.234925
   3.742E-05,   -0.236181
  3.7424E-05,   -0.236809
  3.7428E-05,   -0.237437
  3.7432E-05,   -0.238065
  3.7436E-05,   -0.238693
   3.744E-05,    -0.23995
  3.7444E-05,    -0.23995
  3.7448E-05,   -0.241206
  3.7452E-05,   -0.241834
  3.7456E-05,   -0.242462
   3.746E-05,    -0.24309
  3.7464E-05,   -0.243719
  3.7468E-05,   -0.244347
  3.7472E-05,   -0.244975
  3.7476E-05,   -0.245603
   3.748E-05,   -0.246231
  3.7484E-05,   -0.246859
  3.7488E-05,   -0.247487
  3.7492E-05,   -0.248116
  3.7496E-05,   -0.248744
    3.75E-05,   -0.249372
  3.7504E-05,       -0.25
  3.7508E-05,       -0.25
  3.7512E-05,   -0.251256
  3.7516E-05,   -0.251884
   3.752E-05,   -0.251884
  3.7524E-05,   -0.253141
  3.7528E-05,   -0.253141
  3.7532E-05,   -0.253769
  3.7536E-05,   -0.254397
   3.754E-05,   -0.254397
  3.7544E-05,   -0.255653
  3.7548E-05,   -0.256281
  3.7552E-05,   -0.256281
  3.7556E-05,    -0.25691
   3.756E-05,    -0.25691
  3.7564E-05,   -0.258166
  3.7568E-05,   -0.258166
  3.7572E-05,   -0.258166
  3.7576E-05,   -0.259422
   3.758E-05,    -0.26005
  3.7584E-05,    -0.26005
  3.7588E-05,   -0.260678
  3.7592E-05,   -0.261307
  3.7596E-05,   -0.261935
    3.76E-05,   -0.261935
  3.7604E-05,   -0.261935
  3.7608E-05,   -0.262563
  3.7612E-05,   -0.263191
  3.7616E-05,   -0.263191
   3.762E-05,   -0.263819
  3.7624E-05,   -0.264447
  3.7628E-05,   -0.264447
  3.7632E-05,   -0.264447
  3.7636E-05,   -0.265075
   3.764E-05,   -0.265704
  3.7644E-05,   -0.265704
  3.7648E-05,   -0.265704
  3.7652E-05,    -0.26696
  3.7656E-05,    -0.26696
   3.766E-05,    -0.26696
  3.7664E-05,   -0.267588
  3.7668E-05,   -0.267588
  3.7672E-05,   -0.268216
  3.7676E-05,   -0.268216
   3.768E-05,   -0.268844
  3.7684E-05,   -0.268844
  3.7688E-05,   -0.268844
  3.7692E-05,   -0.269472
  3.7696E-05,   -0.269472
    3.77E-05,   -0.270101
  3.7704E-05,   -0.270101
  3.7708E-05,   -0.270101
  3.7712E-05,   -0.270101
  3.7716E-05,   -0.270729
   3.772E-05,   -0.270729
  3.7724E-05,   -0.271985
  3.7728E-05,   -0.271357
  3.7732E-05,   -0.269472
  3.7736E-05,   -0.270101
   3.774E-05,   -0.272613
  3.7744E-05,   -0.270101
  3.7748E-05,    -0.26696
  3.7752E-05,   -0.268216
  3.7756E-05,   -0.270729
   3.776E-05,   -0.264447
  3.7764E-05,   -0.266332
  3.7768E-05,   -0.276382
  3.7772E-05,   -0.271357
  3.7776E-05,   -0.263191
   3.778E-05,   -0.280151
  3.7784E-05,   -0.288317
  3.7788E-05,   -0.275126
  3.7792E-05,   -0.278894
  3.7796E-05,   -0.292085
    3.78E-05,   -0.286432
  3.7804E-05,   -0.274497
  3.7808E-05,   -0.279523
  3.7812E-05,   -0.281407
  3.7816E-05,   -0.270101
   3.782E-05,   -0.269472
  3.7824E-05,   -0.269472
  3.7828E-05,   -0.267588
  3.7832E-05,    -0.26696
  3.7836E-05,   -0.265704
   3.784E-05,   -0.269472
  3.7844E-05,   -0.275754
  3.7848E-05,   -0.276382
  3.7852E-05,   -0.273241
  3.7856E-05,   -0.278266
   3.786E-05,   -0.281407
  3.7864E-05,   -0.270101
  3.7868E-05,   -0.266332
  3.7872E-05,   -0.272613
  3.7876E-05,   -0.268216
   3.788E-05,   -0.262563
  3.7884E-05,   -0.270101
  3.7888E-05,   -0.277638
  3.7892E-05,    -0.27701
  3.7896E-05,   -0.277638
    3.79E-05,   -0.283291
  3.7904E-05,   -0.285176
  3.7908E-05,   -0.281407
  3.7912E-05,   -0.280779
  3.7916E-05,   -0.280779
   3.792E-05,   -0.278266
  3.7924E-05,   -0.275754
  3.7928E-05,   -0.273241
  3.7932E-05,   -0.270729
  3.7936E-05,   -0.269472
   3.794E-05,   -0.267588
  3.7944E-05,   -0.266332
  3.7948E-05,   -0.267588
  3.7952E-05,   -0.270101
  3.7956E-05,   -0.272613
   3.796E-05,   -0.275126
  3.7964E-05,   -0.278266
  3.7968E-05,   -0.280779
  3.7972E-05,   -0.280779
  3.7976E-05,   -0.279523
   3.798E-05,   -0.278894
  3.7984E-05,   -0.276382
  3.7988E-05,   -0.273241
  3.7992E-05,   -0.270729
  3.7996E-05,   -0.268844
     3.8E-05,    -0.26696
  3.8004E-05,   -0.265075
  3.8008E-05,   -0.265075
  3.8012E-05,    -0.26696
  3.8016E-05,   -0.268216
   3.802E-05,   -0.270101
  3.8024E-05,   -0.272613
  3.8028E-05,   -0.275126
  3.8032E-05,   -0.276382
  3.8036E-05,   -0.276382
   3.804E-05,   -0.275126
  3.8044E-05,   -0.273869
  3.8048E-05,   -0.271985
  3.8052E-05,   -0.268844
  3.8056E-05,    -0.26696
   3.806E-05,   -0.265704
  3.8064E-05,   -0.265075
  3.8068E-05,   -0.264447
  3.8072E-05,   -0.265075
  3.8076E-05,    -0.26696
   3.808E-05,   -0.268844
  3.8084E-05,   -0.269472
  3.8088E-05,   -0.270729
  3.8092E-05,   -0.271985
  3.8096E-05,   -0.270729
    3.81E-05,   -0.268216
  3.8104E-05,   -0.266332
  3.8108E-05,   -0.263191
  3.8112E-05,   -0.259422
  3.8116E-05,    -0.25691
   3.812E-05,   -0.255653
  3.8124E-05,   -0.255025
  3.8128E-05,   -0.254397
  3.8132E-05,   -0.255653
  3.8136E-05,   -0.258166
   3.814E-05,    -0.26005
  3.8144E-05,   -0.261935
  3.8148E-05,   -0.264447
  3.8152E-05,    -0.26696
  3.8156E-05,   -0.268216
   3.816E-05,   -0.267588
  3.8164E-05,   -0.267588
  3.8168E-05,    -0.26696
  3.8172E-05,   -0.265075
  3.8176E-05,   -0.262563
   3.818E-05,   -0.260678
  3.8184E-05,   -0.258794
  3.8188E-05,   -0.256281
  3.8192E-05,   -0.255653
  3.8196E-05,   -0.255653
    3.82E-05,   -0.255653
  3.8204E-05,   -0.255025
  3.8208E-05,   -0.255653
  3.8212E-05,   -0.256281
  3.8216E-05,   -0.255653
   3.822E-05,   -0.255653
  3.8224E-05,   -0.255025
  3.8228E-05,   -0.253769
  3.8232E-05,   -0.251884
  3.8236E-05,   -0.250628
   3.824E-05,       -0.25
  3.8244E-05,   -0.248116
  3.8248E-05,   -0.246859
  3.8252E-05,   -0.246859
  3.8256E-05,   -0.246231
   3.826E-05,   -0.246231
  3.8264E-05,   -0.246859
  3.8268E-05,   -0.247487
  3.8272E-05,   -0.248116
  3.8276E-05,   -0.248116
   3.828E-05,   -0.248116
  3.8284E-05,   -0.248744
  3.8288E-05,   -0.247487
  3.8292E-05,   -0.246859
  3.8296E-05,   -0.246231
    3.83E-05,   -0.244347
  3.8304E-05,   -0.243719
  3.8308E-05,   -0.242462
  3.8312E-05,   -0.241834
  3.8316E-05,   -0.241834
   3.832E-05,   -0.241834
  3.8324E-05,   -0.241206
  3.8328E-05,   -0.241206
  3.8332E-05,   -0.241206
  3.8336E-05,   -0.241834
   3.834E-05,   -0.241206
  3.8344E-05,   -0.240578
  3.8348E-05,   -0.240578
  3.8352E-05,    -0.23995
  3.8356E-05,   -0.238693
   3.836E-05,   -0.238065
  3.8364E-05,   -0.236809
  3.8368E-05,   -0.236181
  3.8372E-05,   -0.234296
  3.8376E-05,   -0.233668
   3.838E-05,    -0.23304
  3.8384E-05,   -0.231784
  3.8388E-05,   -0.231156
  3.8392E-05,   -0.230528
  3.8396E-05,   -0.229899
    3.84E-05,   -0.229899
  3.8404E-05,   -0.229271
  3.8408E-05,   -0.228643
  3.8412E-05,   -0.228643
  3.8416E-05,   -0.227387
   3.842E-05,   -0.226759
  3.8424E-05,   -0.226131
  3.8428E-05,   -0.224874
  3.8432E-05,   -0.224246
  3.8436E-05,    -0.22299
   3.844E-05,   -0.222362
  3.8444E-05,   -0.221734
  3.8448E-05,   -0.220477
  3.8452E-05,   -0.219849
  3.8456E-05,   -0.219221
   3.846E-05,   -0.218593
  3.8464E-05,   -0.218593
  3.8468E-05,   -0.217337
  3.8472E-05,   -0.216709
  3.8476E-05,   -0.216709
   3.848E-05,    -0.21608
  3.8484E-05,   -0.215452
  3.8488E-05,   -0.214824
  3.8492E-05,   -0.214196
  3.8496E-05,   -0.213568
    3.85E-05,   -0.212312
  3.8504E-05,   -0.211683
  3.8508E-05,   -0.211055
  3.8512E-05,   -0.209799
  3.8516E-05,   -0.209171
   3.852E-05,   -0.208543
  3.8524E-05,   -0.207286
  3.8528E-05,   -0.207286
  3.8532E-05,    -0.20603
  3.8536E-05,    -0.20603
   3.854E-05,   -0.205402
  3.8544E-05,   -0.204774
  3.8548E-05,   -0.204146
  3.8552E-05,   -0.203518
  3.8556E-05,   -0.202261
   3.856E-05,   -0.201633
  3.8564E-05,   -0.200377
  3.8568E-05,   -0.199121
  3.8572E-05,   -0.198492
  3.8576E-05,   -0.196608
   3.858E-05,   -0.195352
  3.8584E-05,   -0.194724
  3.8588E-05,   -0.194095
  3.8592E-05,   -0.192839
  3.8596E-05,   -0.192211
    3.86E-05,   -0.192211
  3.8604E-05,   -0.191583
  3.8608E-05,   -0.190955
  3.8612E-05,   -0.190327
  3.8616E-05,   -0.189698
   3.862E-05,    -0.18907
  3.8624E-05,   -0.187814
  3.8628E-05,   -0.187186
  3.8632E-05,    -0.18593
  3.8636E-05,   -0.184673
   3.864E-05,   -0.183417
  3.8644E-05,   -0.182161
  3.8648E-05,   -0.181533
  3.8652E-05,   -0.180276
  3.8656E-05,   -0.179648
   3.866E-05,    -0.17902
  3.8664E-05,    -0.17902
  3.8668E-05,   -0.178392
  3.8672E-05,   -0.177764
  3.8676E-05,   -0.177136
   3.868E-05,   -0.176508
  3.8684E-05,   -0.175879
  3.8688E-05,   -0.175251
  3.8692E-05,   -0.173995
  3.8696E-05,   -0.172739
    3.87E-05,   -0.171482
  3.8704E-05,   -0.170226
  3.8708E-05,    -0.16897
  3.8712E-05,   -0.167714
  3.8716E-05,   -0.166457
   3.872E-05,   -0.165829
  3.8724E-05,   -0.165201
  3.8728E-05,   -0.164573
  3.8732E-05,   -0.163945
  3.8736E-05,   -0.163317
   3.874E-05,   -0.162688
  3.8744E-05,   -0.161432
  3.8748E-05,   -0.160804
  3.8752E-05,   -0.160176
  3.8756E-05,    -0.15892
   3.876E-05,   -0.157663
  3.8764E-05,   -0.156407
  3.8768E-05,   -0.155151
  3.8772E-05,   -0.153894
  3.8776E-05,   -0.152638
   3.878E-05,    -0.15201
  3.8784E-05,   -0.151382
  3.8788E-05,   -0.150126
  3.8792E-05,   -0.149497
  3.8796E-05,   -0.148241
    3.88E-05,   -0.147613
  3.8804E-05,   -0.146985
  3.8808E-05,   -0.146357
  3.8812E-05,   -0.145101
  3.8816E-05,   -0.143844
   3.882E-05,   -0.142588
  3.8824E-05,    -0.14196
  3.8828E-05,   -0.140704
  3.8832E-05,   -0.140075
  3.8836E-05,   -0.138819
   3.884E-05,   -0.137563
  3.8844E-05,   -0.136935
  3.8848E-05,   -0.135678
  3.8852E-05,    -0.13505
  3.8856E-05,   -0.134422
   3.886E-05,   -0.133166
  3.8864E-05,   -0.132538
  3.8868E-05,    -0.13191
  3.8872E-05,   -0.130653
  3.8876E-05,   -0.130025
   3.888E-05,   -0.128769
  3.8884E-05,   -0.128141
  3.8888E-05,   -0.127513
  3.8892E-05,   -0.126256
  3.8896E-05,   -0.125628
    3.89E-05,   -0.124372
  3.8904E-05,   -0.123744
  3.8908E-05,   -0.123116
  3.8912E-05,   -0.122487
  3.8916E-05,   -0.121231
   3.892E-05,   -0.120603
  3.8924E-05,   -0.119975
  3.8928E-05,   -0.119347
  3.8932E-05,    -0.11809
  3.8936E-05,   -0.117462
   3.894E-05,   -0.116206
  3.8944E-05,    -0.11495
  3.8948E-05,    -0.11495
  3.8952E-05,   -0.113693
  3.8956E-05,   -0.113065
   3.896E-05,   -0.111809
  3.8964E-05,   -0.111181
  3.8968E-05,   -0.110553
  3.8972E-05,   -0.109296
  3.8976E-05,   -0.108668
   3.898E-05,    -0.10804
  3.8984E-05,   -0.106784
  3.8988E-05,   -0.106156
  3.8992E-05,   -0.105528
  3.8996E-05,   -0.104271
     3.9E-05,   -0.103643
  3.9004E-05,   -0.102387
  3.9008E-05,   -0.101759
  3.9012E-05,   -0.101131
  3.9016E-05,  -0.0998744
   3.902E-05,  -0.0992462
  3.9024E-05,  -0.0986181
  3.9028E-05,  -0.0973618
  3.9032E-05,  -0.0967337
  3.9036E-05,  -0.0961055
   3.904E-05,  -0.0954774
  3.9044E-05,  -0.0948492
  3.9048E-05,   -0.093593
  3.9052E-05,  -0.0929648
  3.9056E-05,  -0.0923367
   3.906E-05,  -0.0910804
  3.9064E-05,  -0.0904523
  3.9068E-05,   -0.089196
  3.9072E-05,  -0.0885678
  3.9076E-05,  -0.0879397
   3.908E-05,  -0.0866834
  3.9084E-05,  -0.0860553
  3.9088E-05,  -0.0854271
  3.9092E-05,  -0.0841709
  3.9096E-05,  -0.0841709
    3.91E-05,  -0.0829146
  3.9104E-05,  -0.0816583
  3.9108E-05,  -0.0810302
  3.9112E-05,   -0.080402
  3.9116E-05,  -0.0791457
   3.912E-05,  -0.0785176
  3.9124E-05,  -0.0778894
  3.9128E-05,  -0.0766332
  3.9132E-05,   -0.076005
  3.9136E-05,  -0.0753769
   3.914E-05,  -0.0747487
  3.9144E-05,  -0.0734925
  3.9148E-05,  -0.0722362
  3.9152E-05,   -0.071608
  3.9156E-05,  -0.0709799
   3.916E-05,  -0.0703518
  3.9164E-05,  -0.0690955
  3.9168E-05,  -0.0684673
  3.9172E-05,  -0.0678392
  3.9176E-05,  -0.0665829
   3.918E-05,  -0.0659548
  3.9184E-05,  -0.0646985
  3.9188E-05,  -0.0640704
  3.9192E-05,  -0.0634422
  3.9196E-05,  -0.0621859
    3.92E-05,  -0.0615578
  3.9204E-05,  -0.0609296
  3.9208E-05,  -0.0596734
  3.9212E-05,  -0.0584171
  3.9216E-05,  -0.0584171
   3.922E-05,  -0.0571608
  3.9224E-05,  -0.0565327
  3.9228E-05,  -0.0552764
  3.9232E-05,  -0.0546482
  3.9236E-05,  -0.0540201
   3.924E-05,  -0.0527638
  3.9244E-05,  -0.0527638
  3.9248E-05,  -0.0515075
  3.9252E-05,  -0.0502513
  3.9256E-05,  -0.0502513
   3.926E-05,  -0.0496231
  3.9264E-05,  -0.0483668
  3.9268E-05,  -0.0477387
  3.9272E-05,  -0.0464824
  3.9276E-05,  -0.0458543
   3.928E-05,   -0.044598
  3.9284E-05,  -0.0439698
  3.9288E-05,  -0.0433417
  3.9292E-05,  -0.0427136
  3.9296E-05,  -0.0414573
    3.93E-05,  -0.0414573
  3.9304E-05,   -0.040201
  3.9308E-05,  -0.0395729
  3.9312E-05,  -0.0389447
  3.9316E-05,  -0.0376884
   3.932E-05,  -0.0376884
  3.9324E-05,  -0.0364322
  3.9328E-05,   -0.035804
  3.9332E-05,  -0.0345477
  3.9336E-05,  -0.0339196
   3.934E-05,  -0.0326633
  3.9344E-05,  -0.0320352
  3.9348E-05,   -0.031407
  3.9352E-05,  -0.0307789
  3.9356E-05,  -0.0295226
   3.936E-05,  -0.0288945
  3.9364E-05,  -0.0282663
  3.9368E-05,    -0.02701
  3.9372E-05,    -0.02701
  3.9376E-05,  -0.0263819
   3.938E-05,  -0.0251256
  3.9384E-05,  -0.0244975
  3.9388E-05,  -0.0238693
  3.9392E-05,  -0.0232412
  3.9396E-05,  -0.0219849
    3.94E-05,  -0.0207286
  3.9404E-05,  -0.0201005
  3.9408E-05,  -0.0194724
  3.9412E-05,  -0.0182161
  3.9416E-05,  -0.0175879
   3.942E-05,  -0.0169598
  3.9424E-05,  -0.0163317
  3.9428E-05,  -0.0157035
  3.9432E-05,  -0.0144472
  3.9436E-05,  -0.0138191
   3.944E-05,   -0.013191
  3.9444E-05,  -0.0125628
  3.9448E-05,  -0.0119347
  3.9452E-05,  -0.0113065
  3.9456E-05,  -0.0106784
   3.946E-05, -0.00942211
  3.9464E-05, -0.00816583
  3.9468E-05, -0.00753769
  3.9472E-05, -0.00628141
  3.9476E-05, -0.00565327
   3.948E-05, -0.00502513
  3.9484E-05, -0.00376884
  3.9488E-05,  -0.0031407
  3.9492E-05, -0.00251256
  3.9496E-05, -0.00125628
    3.95E-05,-0.000628141
  3.9504E-05,           0
  3.9508E-05, 0.000628141
  3.9512E-05,  0.00125628
  3.9516E-05,  0.00251256
   3.952E-05,  0.00251256
  3.9524E-05,  0.00376884
  3.9528E-05,  0.00439698
  3.9532E-05,  0.00502513
  3.9536E-05,  0.00628141
   3.954E-05,  0.00690955
  3.9544E-05,  0.00816583
  3.9548E-05,  0.00879397
  3.9552E-05,  0.00942211
  3.9556E-05,   0.0106784
   3.956E-05,   0.0113065
  3.9564E-05,   0.0119347
  3.9568E-05,   0.0125628
  3.9572E-05,    0.013191
  3.9576E-05,   0.0144472
   3.958E-05,   0.0150754
  3.9584E-05,   0.0157035
  3.9588E-05,   0.0163317
  3.9592E-05,   0.0169598
  3.9596E-05,   0.0182161
    3.96E-05,   0.0188442
  3.9604E-05,   0.0194724
  3.9608E-05,   0.0201005
  3.9612E-05,   0.0213568
  3.9616E-05,   0.0219849
   3.962E-05,   0.0226131
  3.9624E-05,   0.0232412
  3.9628E-05,   0.0238693
  3.9632E-05,   0.0251256
  3.9636E-05,   0.0251256
   3.964E-05,   0.0263819
  3.9644E-05,     0.02701
  3.9648E-05,   0.0276382
  3.9652E-05,   0.0282663
  3.9656E-05,   0.0288945
   3.966E-05,   0.0295226
  3.9664E-05,   0.0301508
  3.9668E-05,   0.0307789
  3.9672E-05,   0.0320352
  3.9676E-05,   0.0326633
   3.968E-05,   0.0332915
  3.9684E-05,   0.0339196
  3.9688E-05,   0.0345477
  3.9692E-05,   0.0351759
  3.9696E-05,    0.035804
    3.97E-05,   0.0370603
  3.9704E-05,   0.0376884
  3.9708E-05,   0.0383166
  3.9712E-05,   0.0389447
  3.9716E-05,   0.0395729
   3.972E-05,    0.040201
  3.9724E-05,   0.0408291
  3.9728E-05,   0.0420854
  3.9732E-05,   0.0420854
  3.9736E-05,   0.0433417
   3.974E-05,   0.0439698
  3.9744E-05,    0.044598
  3.9748E-05,   0.0452261
  3.9752E-05,   0.0458543
  3.9756E-05,   0.0471106
   3.976E-05,   0.0477387
  3.9764E-05,   0.0477387
  3.9768E-05,    0.048995
  3.9772E-05,   0.0496231
  3.9776E-05,   0.0502513
   3.978E-05,   0.0508794
  3.9784E-05,   0.0515075
  3.9788E-05,   0.0521357
  3.9792E-05,   0.0527638
  3.9796E-05,   0.0527638
    3.98E-05,   0.0540201
  3.9804E-05,   0.0546482
  3.9808E-05,   0.0552764
  3.9812E-05,   0.0559045
  3.9816E-05,   0.0565327
   3.982E-05,   0.0571608
  3.9824E-05,   0.0571608
  3.9828E-05,   0.0584171
  3.9832E-05,   0.0590452
  3.9836E-05,   0.0590452
   3.984E-05,   0.0596734
  3.9844E-05,   0.0603015
  3.9848E-05,   0.0609296
  3.9852E-05,   0.0615578
  3.9856E-05,   0.0621859
   3.986E-05,   0.0628141
  3.9864E-05,   0.0634422
  3.9868E-05,   0.0634422
  3.9872E-05,   0.0640704
  3.9876E-05,   0.0646985
   3.988E-05,   0.0653266
  3.9884E-05,   0.0659548
  3.9888E-05,   0.0665829
  3.9892E-05,   0.0672111
  3.9896E-05,   0.0672111
    3.99E-05,   0.0678392
  3.9904E-05,   0.0684673
  3.9908E-05,   0.0690955
  3.9912E-05,   0.0690955
  3.9916E-05,   0.0697236
   3.992E-05,   0.0703518
  3.9924E-05,   0.0703518
  3.9928E-05,   0.0709799
  3.9932E-05,    0.071608
  3.9936E-05,   0.0722362
   3.994E-05,   0.0722362
  3.9944E-05,   0.0728643
  3.9948E-05,   0.0734925
  3.9952E-05,   0.0734925
  3.9956E-05,   0.0741206
   3.996E-05,   0.0747487
  3.9964E-05,   0.0747487
  3.9968E-05,   0.0753769
  3.9972E-05,   0.0753769
  3.9976E-05,    0.076005
   3.998E-05,   0.0766332
  3.9984E-05,   0.0766332
  3.9988E-05,   0.0772613
  3.9992E-05,   0.0778894
  3.9996E-05,   0.0778894
       4E-05,   0.0778894
  4.0004E-05,   0.0785176
  4.0008E-05,   0.0791457
  4.0012E-05,   0.0791457
  4.0016E-05,   0.0791457
   4.002E-05,   0.0797739
  4.0024E-05,    0.080402
  4.0028E-05,    0.080402
  4.0032E-05,   0.0810302
  4.0036E-05,   0.0810302
   4.004E-05,   0.0810302
  4.0044E-05,   0.0816583
  4.0048E-05,   0.0816583
  4.0052E-05,   0.0822864
  4.0056E-05,   0.0822864
   4.006E-05,   0.0822864
  4.0064E-05,   0.0829146
  4.0068E-05,   0.0829146
  4.0072E-05,   0.0829146
  4.0076E-05,   0.0835427
   4.008E-05,   0.0835427
  4.0084E-05,   0.0841709
  4.0088E-05,   0.0835427
  4.0092E-05,   0.0841709
  4.0096E-05,    0.084799
    4.01E-05,   0.0841709
  4.0104E-05,    0.084799
  4.0108E-05,   0.0854271
  4.0112E-05,    0.084799
  4.0116E-05,   0.0854271
   4.012E-05,   0.0854271
  4.0124E-05,   0.0854271
  4.0128E-05,   0.0854271
  4.0132E-05,   0.0854271
  4.0136E-05,   0.0860553
   4.014E-05,   0.0860553
  4.0144E-05,   0.0860553
  4.0148E-05,   0.0866834
  4.0152E-05,   0.0866834
  4.0156E-05,   0.0866834
   4.016E-05,   0.0866834
  4.0164E-05,   0.0873116
  4.0168E-05,   0.0873116
  4.0172E-05,   0.0873116
  4.0176E-05,   0.0873116
   4.018E-05,   0.0879397
  4.0184E-05,   0.0873116
  4.0188E-05,   0.0873116
  4.0192E-05,   0.0879397
  4.0196E-05,   0.0879397
    4.02E-05,   0.0879397
  4.0204E-05,   0.0879397
  4.0208E-05,   0.0879397
  4.0212E-05,   0.0879397
  4.0216E-05,   0.0879397
   4.022E-05,   0.0879397
  4.0224E-05,   0.0885678
  4.0228E-05,   0.0879397
  4.0232E-05,   0.0879397
  4.0236E-05,   0.0885678
   4.024E-05,   0.0885678
  4.0244E-05,   0.0885678
  4.0248E-05,   0.0885678
  4.0252E-05,   0.0885678
  4.0256E-05,   0.0885678
   4.026E-05,   0.0885678
  4.0264E-05,   0.0885678
  4.0268E-05,   0.0885678
  4.0272E-05,   0.0885678
  4.0276E-05,   0.0885678
   4.028E-05,   0.0885678
  4.0284E-05,   0.0885678
  4.0288E-05,    0.089196
  4.0292E-05,   0.0885678
  4.0296E-05,   0.0885678
    4.03E-05,   0.0885678
  4.0304E-05,   0.0885678
  4.0308E-05,    0.089196
  4.0312E-05,    0.089196
  4.0316E-05,    0.089196
   4.032E-05,    0.089196
  4.0324E-05,    0.089196
  4.0328E-05,    0.089196
  4.0332E-05,    0.089196
  4.0336E-05,    0.089196
   4.034E-05,    0.089196
  4.0344E-05,   0.0885678
  4.0348E-05,   0.0885678
  4.0352E-05,    0.089196
  4.0356E-05,    0.089196
   4.036E-05,   0.0885678
  4.0364E-05,   0.0885678
  4.0368E-05,    0.089196
  4.0372E-05,    0.089196
  4.0376E-05,   0.0885678
   4.038E-05,   0.0885678
  4.0384E-05,    0.089196
  4.0388E-05,   0.0885678
  4.0392E-05,   0.0885678
  4.0396E-05,   0.0885678
    4.04E-05,   0.0885678
  4.0404E-05,   0.0885678
  4.0408E-05,   0.0885678
  4.0412E-05,   0.0885678
  4.0416E-05,   0.0885678
   4.042E-05,   0.0885678
  4.0424E-05,   0.0885678
  4.0428E-05,   0.0885678
  4.0432E-05,   0.0879397
  4.0436E-05,   0.0879397
   4.044E-05,   0.0879397
  4.0444E-05,   0.0885678
  4.0448E-05,   0.0879397
  4.0452E-05,   0.0879397
  4.0456E-05,   0.0879397
   4.046E-05,   0.0879397
  4.0464E-05,   0.0879397
  4.0468E-05,   0.0879397
  4.0472E-05,   0.0879397
  4.0476E-05,   0.0879397
   4.048E-05,   0.0873116
  4.0484E-05,   0.0873116
  4.0488E-05,   0.0873116
  4.0492E-05,   0.0873116
  4.0496E-05,   0.0866834
    4.05E-05,   0.0866834
  4.0504E-05,   0.0866834
  4.0508E-05,   0.0866834
  4.0512E-05,   0.0866834
  4.0516E-05,   0.0860553
   4.052E-05,   0.0860553
  4.0524E-05,   0.0860553
  4.0528E-05,   0.0860553
  4.0532E-05,   0.0860553
  4.0536E-05,   0.0860553
   4.054E-05,   0.0854271
  4.0544E-05,   0.0854271
  4.0548E-05,   0.0854271
  4.0552E-05,   0.0854271
  4.0556E-05,    0.084799
   4.056E-05,    0.084799
  4.0564E-05,   0.0841709
  4.0568E-05,   0.0841709
  4.0572E-05,   0.0841709
  4.0576E-05,   0.0841709
   4.058E-05,   0.0835427
  4.0584E-05,   0.0835427
  4.0588E-05,   0.0835427
  4.0592E-05,   0.0835427
  4.0596E-05,   0.0829146
    4.06E-05,   0.0829146
  4.0604E-05,   0.0829146
  4.0608E-05,   0.0829146
  4.0612E-05,   0.0822864
  4.0616E-05,   0.0822864
   4.062E-05,   0.0822864
  4.0624E-05,   0.0816583
  4.0628E-05,   0.0810302
  4.0632E-05,   0.0810302
  4.0636E-05,   0.0810302
   4.064E-05,    0.080402
  4.0644E-05,    0.080402
  4.0648E-05,    0.080402
  4.0652E-05,   0.0797739
  4.0656E-05,   0.0797739
   4.066E-05,   0.0797739
  4.0664E-05,   0.0791457
  4.0668E-05,   0.0785176
  4.0672E-05,   0.0785176
  4.0676E-05,   0.0785176
   4.068E-05,   0.0778894
  4.0684E-05,   0.0772613
  4.0688E-05,   0.0772613
  4.0692E-05,   0.0772613
  4.0696E-05,   0.0766332
    4.07E-05,    0.076005
  4.0704E-05,    0.076005
  4.0708E-05,    0.076005
  4.0712E-05,   0.0753769
  4.0716E-05,   0.0747487
   4.072E-05,   0.0747487
  4.0724E-05,   0.0741206
  4.0728E-05,   0.0734925
  4.0732E-05,   0.0734925
  4.0736E-05,   0.0728643
   4.074E-05,   0.0728643
  4.0744E-05,   0.0722362
  4.0748E-05,    0.071608
  4.0752E-05,    0.071608
  4.0756E-05,   0.0709799
   4.076E-05,   0.0703518
  4.0764E-05,   0.0697236
  4.0768E-05,   0.0697236
  4.0772E-05,   0.0690955
  4.0776E-05,   0.0684673
   4.078E-05,   0.0684673
  4.0784E-05,   0.0678392
  4.0788E-05,   0.0672111
  4.0792E-05,   0.0672111
  4.0796E-05,   0.0665829
    4.08E-05,   0.0659548
  4.0804E-05,   0.0653266
  4.0808E-05,   0.0646985
  4.0812E-05,   0.0646985
  4.0816E-05,   0.0640704
   4.082E-05,   0.0634422
  4.0824E-05,   0.0628141
  4.0828E-05,   0.0621859
  4.0832E-05,   0.0615578
  4.0836E-05,   0.0615578
   4.084E-05,   0.0609296
  4.0844E-05,   0.0603015
  4.0848E-05,   0.0596734
  4.0852E-05,   0.0590452
  4.0856E-05,   0.0584171
   4.086E-05,   0.0584171
  4.0864E-05,   0.0577889
  4.0868E-05,   0.0571608
  4.0872E-05,   0.0565327
  4.0876E-05,   0.0559045
   4.088E-05,   0.0552764
  4.0884E-05,   0.0546482
  4.0888E-05,   0.0546482
  4.0892E-05,   0.0540201
  4.0896E-05,    0.053392
    4.09E-05,   0.0527638
  4.0904E-05,   0.0521357
  4.0908E-05,   0.0515075
  4.0912E-05,   0.0508794
  4.0916E-05,   0.0502513
   4.092E-05,   0.0496231
  4.0924E-05,    0.048995
  4.0928E-05,   0.0483668
  4.0932E-05,   0.0477387
  4.0936E-05,   0.0471106
   4.094E-05,   0.0471106
  4.0944E-05,   0.0458543
  4.0948E-05,   0.0452261
  4.0952E-05,    0.044598
  4.0956E-05,   0.0439698
   4.096E-05,   0.0439698
  4.0964E-05,   0.0433417
  4.0968E-05,   0.0420854
  4.0972E-05,   0.0420854
  4.0976E-05,   0.0414573
   4.098E-05,   0.0408291
  4.0984E-05,    0.040201
  4.0988E-05,   0.0395729
  4.0992E-05,   0.0389447
  4.0996E-05,   0.0383166
     4.1E-05,   0.0376884
  4.1004E-05,   0.0370603
  4.1008E-05,   0.0364322
  4.1012E-05,    0.035804
  4.1016E-05,   0.0351759
   4.102E-05,   0.0345477
  4.1024E-05,   0.0339196
  4.1028E-05,   0.0332915
  4.1032E-05,   0.0326633
  4.1036E-05,   0.0326633
   4.104E-05,   0.0320352
  4.1044E-05,   0.0307789
  4.1048E-05,   0.0307789
  4.1052E-05,   0.0301508
  4.1056E-05,   0.0295226
   4.106E-05,   0.0288945
  4.1064E-05,   0.0282663
  4.1068E-05,   0.0276382
  4.1072E-05,     0.02701
  4.1076E-05,   0.0263819
   4.108E-05,   0.0257538
  4.1084E-05,   0.0251256
  4.1088E-05,   0.0244975
  4.1092E-05,   0.0244975
  4.1096E-05,   0.0238693
    4.11E-05,   0.0232412
  4.1104E-05,   0.0226131
  4.1108E-05,   0.0219849
  4.1112E-05,   0.0213568
  4.1116E-05,   0.0207286
   4.112E-05,   0.0201005
  4.1124E-05,   0.0201005
  4.1128E-05,   0.0188442
  4.1132E-05,   0.0188442
  4.1136E-05,   0.0182161
   4.114E-05,   0.0175879
  4.1144E-05,   0.0169598
  4.1148E-05,   0.0163317
  4.1152E-05,   0.0163317
  4.1156E-05,   0.0157035
   4.116E-05,   0.0150754
  4.1164E-05,   0.0144472
  4.1168E-05,   0.0138191
  4.1172E-05,    0.013191
  4.1176E-05,   0.0125628
   4.118E-05,   0.0119347
  4.1184E-05,   0.0119347
  4.1188E-05,   0.0113065
  4.1192E-05,   0.0106784
  4.1196E-05,   0.0100503
    4.12E-05,  0.00942211
  4.1204E-05,  0.00879397
  4.1208E-05,  0.00879397
  4.1212E-05,  0.00816583
  4.1216E-05,  0.00753769
   4.122E-05,  0.00690955
  4.1224E-05,  0.00690955
  4.1228E-05,  0.00628141
  4.1232E-05,  0.00565327
  4.1236E-05,  0.00502513
   4.124E-05,  0.00439698
  4.1244E-05,  0.00439698
  4.1248E-05,  0.00376884
  4.1252E-05,   0.0031407
  4.1256E-05,  0.00251256
   4.126E-05,  0.00188442
  4.1264E-05,  0.00125628
  4.1268E-05,  0.00125628
  4.1272E-05, 0.000628141
  4.1276E-05,           0
   4.128E-05,           0
  4.1284E-05,-0.000628141
  4.1288E-05, -0.00125628
  4.1292E-05, -0.00125628
  4.1296E-05, -0.00251256
    4.13E-05,  -0.0031407
  4.1304E-05,  -0.0031407
  4.1308E-05, -0.00376884
  4.1312E-05, -0.00439698
  4.1316E-05, -0.00502513
   4.132E-05, -0.00502513
  4.1324E-05, -0.00565327
  4.1328E-05, -0.00628141
  4.1332E-05, -0.00628141
  4.1336E-05, -0.00690955
   4.134E-05, -0.00753769
  4.1344E-05, -0.00753769
  4.1348E-05, -0.00816583
  4.1352E-05, -0.00816583
  4.1356E-05, -0.00942211
   4.136E-05, -0.00942211
  4.1364E-05,  -0.0100503
  4.1368E-05,  -0.0106784
  4.1372E-05,  -0.0106784
  4.1376E-05,  -0.0106784
   4.138E-05,  -0.0113065
  4.1384E-05,  -0.0119347
  4.1388E-05,  -0.0125628
  4.1392E-05,  -0.0125628
  4.1396E-05,   -0.013191
    4.14E-05,  -0.0138191
  4.1404E-05,  -0.0138191
  4.1408E-05,  -0.0144472
  4.1412E-05,  -0.0150754
  4.1416E-05,  -0.0150754
   4.142E-05,  -0.0157035
  4.1424E-05,  -0.0163317
  4.1428E-05,  -0.0163317
  4.1432E-05,  -0.0169598
  4.1436E-05,  -0.0169598
   4.144E-05,  -0.0175879
  4.1444E-05,  -0.0175879
  4.1448E-05,  -0.0182161
  4.1452E-05,  -0.0182161
  4.1456E-05,  -0.0188442
   4.146E-05,  -0.0188442
  4.1464E-05,  -0.0194724
  4.1468E-05,  -0.0194724
  4.1472E-05,  -0.0201005
  4.1476E-05,  -0.0201005
   4.148E-05,  -0.0207286
  4.1484E-05,  -0.0213568
  4.1488E-05,  -0.0213568
  4.1492E-05,  -0.0213568
  4.1496E-05,  -0.0219849
    4.15E-05,  -0.0226131
  4.1504E-05,  -0.0226131
  4.1508E-05,  -0.0226131
  4.1512E-05,  -0.0232412
  4.1516E-05,  -0.0238693
   4.152E-05,  -0.0238693
  4.1524E-05,  -0.0238693
  4.1528E-05,  -0.0244975
  4.1532E-05,  -0.0244975
  4.1536E-05,  -0.0251256
   4.154E-05,  -0.0251256
  4.1544E-05,  -0.0251256
  4.1548E-05,  -0.0257538
  4.1552E-05,  -0.0257538
  4.1556E-05,  -0.0263819
   4.156E-05,  -0.0263819
  4.1564E-05,    -0.02701
  4.1568E-05,    -0.02701
  4.1572E-05,  -0.0276382
  4.1576E-05,  -0.0276382
   4.158E-05,  -0.0276382
  4.1584E-05,  -0.0282663
  4.1588E-05,  -0.0282663
  4.1592E-05,  -0.0282663
  4.1596E-05,  -0.0288945
    4.16E-05,  -0.0295226
  4.1604E-05,  -0.0295226
  4.1608E-05,  -0.0295226
  4.1612E-05,  -0.0301508
  4.1616E-05,  -0.0301508
   4.162E-05,  -0.0301508
  4.1624E-05,  -0.0307789
  4.1628E-05,  -0.0307789
  4.1632E-05,   -0.031407
  4.1636E-05,   -0.031407
   4.164E-05,   -0.031407
  4.1644E-05,  -0.0320352
  4.1648E-05,  -0.0320352
  4.1652E-05,  -0.0320352
  4.1656E-05,  -0.0326633
   4.166E-05,  -0.0326633
  4.1664E-05,  -0.0332915
  4.1668E-05,  -0.0332915
  4.1672E-05,  -0.0332915
  4.1676E-05,  -0.0332915
   4.168E-05,  -0.0339196
  4.1684E-05,  -0.0339196
  4.1688E-05,  -0.0345477
  4.1692E-05,  -0.0345477
  4.1696E-05,  -0.0345477
    4.17E-05,  -0.0351759
  4.1704E-05,  -0.0351759
  4.1708E-05,  -0.0351759
  4.1712E-05,  -0.0351759
  4.1716E-05,   -0.035804
   4.172E-05,   -0.035804
  4.1724E-05,  -0.0364322
  4.1728E-05,  -0.0364322
  4.1732E-05,  -0.0364322
  4.1736E-05,  -0.0364322
   4.174E-05,  -0.0370603
  4.1744E-05,  -0.0370603
  4.1748E-05,  -0.0370603
  4.1752E-05,  -0.0370603
  4.1756E-05,  -0.0370603
   4.176E-05,  -0.0376884
  4.1764E-05,  -0.0376884
  4.1768E-05,  -0.0383166
  4.1772E-05,  -0.0383166
  4.1776E-05,  -0.0383166
   4.178E-05,  -0.0389447
  4.1784E-05,  -0.0383166
  4.1788E-05,  -0.0389447
  4.1792E-05,  -0.0389447
  4.1796E-05,  -0.0389447
    4.18E-05,  -0.0389447
  4.1804E-05,  -0.0395729
  4.1808E-05,  -0.0395729
  4.1812E-05,  -0.0395729
  4.1816E-05,  -0.0395729
   4.182E-05,  -0.0395729
  4.1824E-05,   -0.040201
  4.1828E-05,   -0.040201
  4.1832E-05,   -0.040201
  4.1836E-05,   -0.040201
   4.184E-05,   -0.040201
  4.1844E-05,  -0.0408291
  4.1848E-05,  -0.0408291
  4.1852E-05,  -0.0408291
  4.1856E-05,  -0.0408291
   4.186E-05,  -0.0408291
  4.1864E-05,  -0.0408291
  4.1868E-05,  -0.0408291
  4.1872E-05,  -0.0408291
  4.1876E-05,  -0.0414573
   4.188E-05,  -0.0414573
  4.1884E-05,  -0.0414573
  4.1888E-05,  -0.0414573
  4.1892E-05,  -0.0414573
  4.1896E-05,  -0.0414573
    4.19E-05,  -0.0414573
  4.1904E-05,  -0.0414573
  4.1908E-05,  -0.0420854
  4.1912E-05,  -0.0420854
  4.1916E-05,  -0.0420854
   4.192E-05,  -0.0420854
  4.1924E-05,  -0.0420854
  4.1928E-05,  -0.0420854
  4.1932E-05,  -0.0420854
  4.1936E-05,  -0.0420854
   4.194E-05,  -0.0420854
  4.1944E-05,  -0.0420854
  4.1948E-05,  -0.0427136
  4.1952E-05,  -0.0427136
  4.1956E-05,  -0.0420854
   4.196E-05,  -0.0427136
  4.1964E-05,  -0.0427136
  4.1968E-05,  -0.0420854
  4.1972E-05,  -0.0427136
  4.1976E-05,  -0.0427136
   4.198E-05,  -0.0427136
  4.1984E-05,  -0.0427136
  4.1988E-05,  -0.0427136
  4.1992E-05,  -0.0427136
  4.1996E-05,  -0.0427136
     4.2E-05,  -0.0420854
  4.2004E-05,  -0.0427136
  4.2008E-05,  -0.0420854
  4.2012E-05,  -0.0420854
  4.2016E-05,  -0.0420854
   4.202E-05,  -0.0427136
  4.2024E-05,  -0.0420854
  4.2028E-05,  -0.0420854
  4.2032E-05,  -0.0420854
  4.2036E-05,  -0.0420854
   4.204E-05,  -0.0420854
  4.2044E-05,  -0.0420854
  4.2048E-05,  -0.0420854
  4.2052E-05,  -0.0420854
  4.2056E-05,  -0.0414573
   4.206E-05,  -0.0420854
  4.2064E-05,  -0.0420854
  4.2068E-05,  -0.0414573
  4.2072E-05,  -0.0414573
  4.2076E-05,  -0.0414573
   4.208E-05,  -0.0414573
  4.2084E-05,  -0.0414573
  4.2088E-05,  -0.0414573
  4.2092E-05,  -0.0414573
  4.2096E-05,  -0.0414573
    4.21E-05,  -0.0408291
  4.2104E-05,  -0.0408291
  4.2108E-05,  -0.0408291
  4.2112E-05,  -0.0408291
  4.2116E-05,   -0.040201
   4.212E-05,   -0.040201
  4.2124E-05,   -0.040201
  4.2128E-05,   -0.040201
  4.2132E-05,   -0.040201
  4.2136E-05,  -0.0395729
   4.214E-05,  -0.0395729
  4.2144E-05,  -0.0389447
  4.2148E-05,  -0.0389447
  4.2152E-05,  -0.0389447
  4.2156E-05,  -0.0389447
   4.216E-05,  -0.0389447
  4.2164E-05,  -0.0383166
  4.2168E-05,  -0.0383166
  4.2172E-05,  -0.0383166
  4.2176E-05,  -0.0383166
   4.218E-05,  -0.0376884
  4.2184E-05,  -0.0376884
  4.2188E-05,  -0.0376884
  4.2192E-05,  -0.0376884
  4.2196E-05,  -0.0370603
    4.22E-05,  -0.0370603
  4.2204E-05,  -0.0370603
  4.2208E-05,  -0.0364322
  4.2212E-05,  -0.0364322
  4.2216E-05,   -0.035804
   4.222E-05,   -0.035804
  4.2224E-05,   -0.035804
  4.2228E-05,  -0.0351759
  4.2232E-05,  -0.0351759
  4.2236E-05,  -0.0351759
   4.224E-05,  -0.0345477
  4.2244E-05,  -0.0345477
  4.2248E-05,  -0.0345477
  4.2252E-05,  -0.0339196
  4.2256E-05,  -0.0339196
   4.226E-05,  -0.0332915
  4.2264E-05,  -0.0332915
  4.2268E-05,  -0.0332915
  4.2272E-05,  -0.0326633
  4.2276E-05,  -0.0326633
   4.228E-05,  -0.0320352
  4.2284E-05,  -0.0320352
  4.2288E-05,  -0.0320352
  4.2292E-05,   -0.031407
  4.2296E-05,   -0.031407
    4.23E-05,  -0.0307789
  4.2304E-05,  -0.0307789
  4.2308E-05,  -0.0301508
  4.2312E-05,  -0.0301508
  4.2316E-05,  -0.0295226
   4.232E-05,  -0.0295226
  4.2324E-05,  -0.0295226
  4.2328E-05,  -0.0288945
  4.2332E-05,  -0.0282663
  4.2336E-05,  -0.0282663
   4.234E-05,  -0.0282663
  4.2344E-05,  -0.0276382
  4.2348E-05,  -0.0276382
  4.2352E-05,  -0.0276382
  4.2356E-05,    -0.02701
   4.236E-05,  -0.0263819
  4.2364E-05,  -0.0263819
  4.2368E-05,  -0.0257538
  4.2372E-05,  -0.0257538
  4.2376E-05,  -0.0251256
   4.238E-05,  -0.0251256
  4.2384E-05,  -0.0251256
  4.2388E-05,  -0.0244975
  4.2392E-05,  -0.0238693
  4.2396E-05,  -0.0238693
    4.24E-05,  -0.0232412
  4.2404E-05,  -0.0232412
  4.2408E-05,  -0.0226131
  4.2412E-05,  -0.0219849
  4.2416E-05,  -0.0219849
   4.242E-05,  -0.0213568
  4.2424E-05,  -0.0213568
  4.2428E-05,  -0.0207286
  4.2432E-05,  -0.0201005
  4.2436E-05,  -0.0201005
   4.244E-05,  -0.0194724
  4.2444E-05,  -0.0194724
  4.2448E-05,  -0.0188442
  4.2452E-05,  -0.0188442
  4.2456E-05,  -0.0188442
   4.246E-05,  -0.0182161
  4.2464E-05,  -0.0175879
  4.2468E-05,  -0.0169598
  4.2472E-05,  -0.0169598
  4.2476E-05,  -0.0169598
   4.248E-05,  -0.0163317
  4.2484E-05,  -0.0157035
  4.2488E-05,  -0.0157035
  4.2492E-05,  -0.0150754
  4.2496E-05,  -0.0144472
    4.25E-05,  -0.0144472
  4.2504E-05,  -0.0138191
  4.2508E-05,  -0.0138191
  4.2512E-05,   -0.013191
  4.2516E-05,   -0.013191
   4.252E-05,  -0.0125628
  4.2524E-05,  -0.0119347
  4.2528E-05,  -0.0119347
  4.2532E-05,  -0.0113065
  4.2536E-05,  -0.0106784
   4.254E-05,  -0.0106784
  4.2544E-05,  -0.0100503
  4.2548E-05, -0.00942211
  4.2552E-05, -0.00942211
  4.2556E-05, -0.00942211
   4.256E-05, -0.00879397
  4.2564E-05, -0.00816583
  4.2568E-05, -0.00816583
  4.2572E-05, -0.00753769
  4.2576E-05, -0.00753769
   4.258E-05, -0.00690955
  4.2584E-05, -0.00628141
  4.2588E-05, -0.00628141
  4.2592E-05, -0.00565327
  4.2596E-05, -0.00565327
    4.26E-05, -0.00502513
  4.2604E-05, -0.00439698
  4.2608E-05, -0.00439698
  4.2612E-05, -0.00376884
  4.2616E-05, -0.00376884
   4.262E-05,  -0.0031407
  4.2624E-05, -0.00251256
  4.2628E-05, -0.00251256
  4.2632E-05, -0.00251256
  4.2636E-05, -0.00188442
   4.264E-05, -0.00125628
  4.2644E-05,-0.000628141
  4.2648E-05,-0.000628141
  4.2652E-05,           0
  4.2656E-05,           0
   4.266E-05,           0
  4.2664E-05, 0.000628141
  4.2668E-05,  0.00125628
  4.2672E-05,  0.00125628
  4.2676E-05,  0.00125628
   4.268E-05,  0.00188442
  4.2684E-05,  0.00251256
  4.2688E-05,  0.00251256
  4.2692E-05,   0.0031407
  4.2696E-05,  0.00376884
    4.27E-05,   0.0031407
  4.2704E-05,  0.00376884
  4.2708E-05,  0.00439698
  4.2712E-05,  0.00439698
  4.2716E-05,  0.00502513
   4.272E-05,  0.00502513
  4.2724E-05,  0.00565327
  4.2728E-05,  0.00565327
  4.2732E-05,  0.00628141
  4.2736E-05,  0.00628141
   4.274E-05,  0.00690955
  4.2744E-05,  0.00690955
  4.2748E-05,  0.00753769
  4.2752E-05,  0.00753769
  4.2756E-05,  0.00753769
   4.276E-05,  0.00816583
  4.2764E-05,  0.00816583
  4.2768E-05,  0.00879397
  4.2772E-05,  0.00942211
  4.2776E-05,  0.00942211
   4.278E-05,  0.00942211
  4.2784E-05,  0.00942211
  4.2788E-05,   0.0100503
  4.2792E-05,   0.0106784
  4.2796E-05,   0.0106784
    4.28E-05,   0.0113065
  4.2804E-05,   0.0113065
  4.2808E-05,   0.0113065
  4.2812E-05,   0.0119347
  4.2816E-05,   0.0119347
   4.282E-05,   0.0119347
  4.2824E-05,   0.0119347
  4.2828E-05,   0.0125628
  4.2832E-05,    0.013191
  4.2836E-05,    0.013191
   4.284E-05,    0.013191
  4.2844E-05,   0.0138191
  4.2848E-05,   0.0138191
  4.2852E-05,   0.0138191
  4.2856E-05,   0.0138191
   4.286E-05,   0.0144472
  4.2864E-05,   0.0144472
  4.2868E-05,   0.0144472
  4.2872E-05,   0.0150754
  4.2876E-05,   0.0150754
   4.288E-05,   0.0150754
  4.2884E-05,   0.0157035
  4.2888E-05,   0.0157035
  4.2892E-05,   0.0157035
  4.2896E-05,   0.0157035
    4.29E-05,   0.0163317
  4.2904E-05,   0.0163317
  4.2908E-05,   0.0163317
  4.2912E-05,   0.0163317
  4.2916E-05,   0.0169598
   4.292E-05,   0.0169598
  4.2924E-05,   0.0169598
  4.2928E-05,   0.0175879
  4.2932E-05,   0.0175879
  4.2936E-05,   0.0175879
   4.294E-05,   0.0182161
  4.2944E-05,   0.0182161
  4.2948E-05,   0.0182161
  4.2952E-05,   0.0182161
  4.2956E-05,   0.0182161
   4.296E-05,   0.0188442
  4.2964E-05,   0.0188442
  4.2968E-05,   0.0188442
  4.2972E-05,   0.0194724
  4.2976E-05,   0.0194724
   4.298E-05,   0.0194724
  4.2984E-05,   0.0201005
  4.2988E-05,   0.0201005
  4.2992E-05,   0.0201005
  4.2996E-05,   0.0201005
     4.3E-05,   0.0207286
  4.3004E-05,   0.0207286
  4.3008E-05,   0.0207286
  4.3012E-05,   0.0207286
  4.3016E-05,   0.0207286
   4.302E-05,   0.0213568
  4.3024E-05,   0.0213568
  4.3028E-05,   0.0213568
  4.3032E-05,   0.0213568
  4.3036E-05,   0.0219849
   4.304E-05,   0.0219849
  4.3044E-05,   0.0219849
  4.3048E-05,   0.0219849
  4.3052E-05,   0.0226131
  4.3056E-05,   0.0226131
   4.306E-05,   0.0226131
  4.3064E-05,   0.0232412
  4.3068E-05,   0.0226131
  4.3072E-05,   0.0226131
  4.3076E-05,   0.0232412
   4.308E-05,   0.0232412
  4.3084E-05,   0.0232412
  4.3088E-05,   0.0232412
  4.3092E-05,   0.0238693
  4.3096E-05,   0.0238693
    4.31E-05,   0.0244975
  4.3104E-05,   0.0244975
  4.3108E-05,   0.0244975
  4.3112E-05,   0.0244975
  4.3116E-05,   0.0251256
   4.312E-05,   0.0251256
  4.3124E-05,   0.0251256
  4.3128E-05,   0.0257538
  4.3132E-05,   0.0257538
  4.3136E-05,   0.0257538
   4.314E-05,   0.0257538
  4.3144E-05,   0.0263819
  4.3148E-05,   0.0263819
  4.3152E-05,   0.0263819
  4.3156E-05,   0.0263819
   4.316E-05,     0.02701
  4.3164E-05,     0.02701
  4.3168E-05,     0.02701
  4.3172E-05,   0.0276382
  4.3176E-05,   0.0276382
   4.318E-05,   0.0276382
  4.3184E-05,   0.0276382
  4.3188E-05,   0.0282663
  4.3192E-05,   0.0282663
  4.3196E-05,   0.0282663
    4.32E-05,   0.0288945
  4.3204E-05,   0.0295226
  4.3208E-05,   0.0295226
  4.3212E-05,   0.0295226
  4.3216E-05,   0.0295226
   4.322E-05,   0.0301508
  4.3224E-05,   0.0301508
  4.3228E-05,   0.0307789
  4.3232E-05,   0.0307789
  4.3236E-05,   0.0307789
   4.324E-05,    0.031407
  4.3244E-05,    0.031407
  4.3248E-05,   0.0320352
  4.3252E-05,   0.0320352
  4.3256E-05,   0.0320352
   4.326E-05,   0.0326633
  4.3264E-05,   0.0326633
  4.3268E-05,   0.0332915
  4.3272E-05,   0.0332915
  4.3276E-05,   0.0339196
   4.328E-05,   0.0339196
  4.3284E-05,   0.0345477
  4.3288E-05,   0.0351759
  4.3292E-05,   0.0351759
  4.3296E-05,    0.035804
    4.33E-05,    0.035804
  4.3304E-05,    0.035804
  4.3308E-05,   0.0364322
  4.3312E-05,   0.0364322
  4.3316E-05,   0.0370603
   4.332E-05,   0.0370603
  4.3324E-05,   0.0376884
  4.3328E-05,   0.0383166
  4.3332E-05,   0.0383166
  4.3336E-05,   0.0389447
   4.334E-05,   0.0389447
  4.3344E-05,   0.0389447
  4.3348E-05,   0.0395729
  4.3352E-05,    0.040201
  4.3356E-05,    0.040201
   4.336E-05,   0.0408291
  4.3364E-05,   0.0408291
  4.3368E-05,   0.0414573
  4.3372E-05,   0.0420854
  4.3376E-05,   0.0420854
   4.338E-05,   0.0427136
  4.3384E-05,   0.0427136
  4.3388E-05,   0.0433417
  4.3392E-05,   0.0439698
  4.3396E-05,   0.0439698
    4.34E-05,    0.044598
  4.3404E-05,   0.0452261
  4.3408E-05,   0.0452261
  4.3412E-05,   0.0458543
  4.3416E-05,   0.0464824
   4.342E-05,   0.0464824
  4.3424E-05,   0.0471106
  4.3428E-05,   0.0477387
  4.3432E-05,   0.0477387
  4.3436E-05,   0.0483668
   4.344E-05,    0.048995
  4.3444E-05,    0.048995
  4.3448E-05,   0.0496231
  4.3452E-05,   0.0502513
  4.3456E-05,   0.0508794
   4.346E-05,   0.0508794
  4.3464E-05,   0.0508794
  4.3468E-05,   0.0515075
  4.3472E-05,   0.0521357
  4.3476E-05,   0.0521357
   4.348E-05,   0.0527638
  4.3484E-05,   0.0527638
  4.3488E-05,    0.053392
  4.3492E-05,   0.0540201
  4.3496E-05,   0.0540201
    4.35E-05,   0.0546482
  4.3504E-05,   0.0546482
  4.3508E-05,   0.0552764
  4.3512E-05,   0.0559045
  4.3516E-05,   0.0559045
   4.352E-05,   0.0565327
  4.3524E-05,   0.0565327
  4.3528E-05,   0.0577889
  4.3532E-05,   0.0577889
  4.3536E-05,   0.0584171
   4.354E-05,   0.0590452
  4.3544E-05,   0.0590452
  4.3548E-05,   0.0590452
  4.3552E-05,   0.0596734
  4.3556E-05,   0.0603015
   4.356E-05,   0.0603015
  4.3564E-05,   0.0609296
  4.3568E-05,   0.0609296
  4.3572E-05,   0.0615578
  4.3576E-05,   0.0615578
   4.358E-05,   0.0621859
  4.3584E-05,   0.0621859
  4.3588E-05,   0.0628141
  4.3592E-05,   0.0628141
  4.3596E-05,   0.0628141
    4.36E-05,   0.0634422
  4.3604E-05,   0.0640704
  4.3608E-05,   0.0640704
  4.3612E-05,   0.0646985
  4.3616E-05,   0.0646985
   4.362E-05,   0.0653266
  4.3624E-05,   0.0653266
  4.3628E-05,   0.0653266
  4.3632E-05,   0.0659548
  4.3636E-05,   0.0665829
   4.364E-05,   0.0665829
  4.3644E-05,   0.0665829
  4.3648E-05,   0.0672111
  4.3652E-05,   0.0672111
  4.3656E-05,   0.0672111
   4.366E-05,   0.0678392
  4.3664E-05,   0.0678392
  4.3668E-05,   0.0684673
  4.3672E-05,   0.0678392
  4.3676E-05,   0.0684673
   4.368E-05,   0.0684673
  4.3684E-05,   0.0684673
  4.3688E-05,   0.0690955
  4.3692E-05,   0.0690955
  4.3696E-05,   0.0690955
    4.37E-05,   0.0697236
  4.3704E-05,   0.0697236
  4.3708E-05,   0.0697236
  4.3712E-05,   0.0697236
  4.3716E-05,   0.0697236
   4.372E-05,   0.0697236
  4.3724E-05,   0.0703518
  4.3728E-05,   0.0703518
  4.3732E-05,   0.0703518
  4.3736E-05,   0.0703518
   4.374E-05,   0.0703518
  4.3744E-05,   0.0709799
  4.3748E-05,   0.0703518
  4.3752E-05,   0.0709799
  4.3756E-05,   0.0703518
   4.376E-05,   0.0703518
  4.3764E-05,   0.0709799
  4.3768E-05,   0.0703518
  4.3772E-05,   0.0709799
  4.3776E-05,   0.0709799
   4.378E-05,   0.0709799
  4.3784E-05,   0.0709799
  4.3788E-05,   0.0709799
  4.3792E-05,   0.0709799
  4.3796E-05,   0.0709799
    4.38E-05,   0.0709799
  4.3804E-05,   0.0709799
  4.3808E-05,   0.0709799
  4.3812E-05,   0.0709799
  4.3816E-05,   0.0709799
   4.382E-05,   0.0703518
  4.3824E-05,   0.0709799
  4.3828E-05,   0.0709799
  4.3832E-05,   0.0709799
  4.3836E-05,   0.0709799
   4.384E-05,   0.0703518
  4.3844E-05,   0.0703518
  4.3848E-05,   0.0703518
  4.3852E-05,   0.0703518
  4.3856E-05,   0.0703518
   4.386E-05,   0.0697236
  4.3864E-05,   0.0697236
  4.3868E-05,   0.0697236
  4.3872E-05,   0.0697236
  4.3876E-05,   0.0697236
   4.388E-05,   0.0697236
  4.3884E-05,   0.0690955
  4.3888E-05,   0.0690955
  4.3892E-05,   0.0690955
  4.3896E-05,   0.0690955
    4.39E-05,   0.0690955
  4.3904E-05,   0.0684673
  4.3908E-05,   0.0684673
  4.3912E-05,   0.0684673
  4.3916E-05,   0.0678392
   4.392E-05,   0.0678392
  4.3924E-05,   0.0678392
  4.3928E-05,   0.0678392
  4.3932E-05,   0.0672111
  4.3936E-05,   0.0672111
   4.394E-05,   0.0672111
  4.3944E-05,   0.0672111
  4.3948E-05,   0.0665829
  4.3952E-05,   0.0665829
  4.3956E-05,   0.0659548
   4.396E-05,   0.0659548
  4.3964E-05,   0.0659548
  4.3968E-05,   0.0659548
  4.3972E-05,   0.0659548
  4.3976E-05,   0.0653266
   4.398E-05,   0.0653266
  4.3984E-05,   0.0653266
  4.3988E-05,   0.0653266
  4.3992E-05,   0.0646985
  4.3996E-05,   0.0646985
     4.4E-05,   0.0640704
  4.4004E-05,   0.0646985
  4.4008E-05,   0.0640704
  4.4012E-05,   0.0634422
  4.4016E-05,   0.0634422
   4.402E-05,   0.0634422
  4.4024E-05,   0.0634422
  4.4028E-05,   0.0628141
  4.4032E-05,   0.0628141
  4.4036E-05,   0.0628141
   4.404E-05,   0.0621859
  4.4044E-05,   0.0621859
  4.4048E-05,   0.0621859
  4.4052E-05,   0.0621859
  4.4056E-05,   0.0615578
   4.406E-05,   0.0609296
  4.4064E-05,   0.0615578
  4.4068E-05,   0.0615578
  4.4072E-05,   0.0609296
  4.4076E-05,   0.0603015
   4.408E-05,   0.0603015
  4.4084E-05,   0.0603015
  4.4088E-05,   0.0603015
  4.4092E-05,   0.0603015
  4.4096E-05,   0.0596734
    4.41E-05,   0.0596734
  4.4104E-05,   0.0590452
  4.4108E-05,   0.0590452
  4.4112E-05,   0.0590452
  4.4116E-05,   0.0590452
   4.412E-05,   0.0584171
  4.4124E-05,   0.0584171
  4.4128E-05,   0.0584171
  4.4132E-05,   0.0584171
  4.4136E-05,   0.0577889
   4.414E-05,   0.0577889
  4.4144E-05,   0.0577889
  4.4148E-05,   0.0571608
  4.4152E-05,   0.0571608
  4.4156E-05,   0.0571608
   4.416E-05,   0.0571608
  4.4164E-05,   0.0565327
  4.4168E-05,   0.0565327
  4.4172E-05,   0.0565327
  4.4176E-05,   0.0565327
   4.418E-05,   0.0559045
  4.4184E-05,   0.0565327
  4.4188E-05,   0.0559045
  4.4192E-05,   0.0559045
  4.4196E-05,   0.0559045
    4.42E-05,   0.0552764
  4.4204E-05,   0.0559045
  4.4208E-05,   0.0552764
  4.4212E-05,   0.0546482
  4.4216E-05,   0.0552764
   4.422E-05,   0.0546482
  4.4224E-05,   0.0546482
  4.4228E-05,   0.0546482
  4.4232E-05,   0.0540201
  4.4236E-05,   0.0546482
   4.424E-05,   0.0540201
  4.4244E-05,    0.053392
  4.4248E-05,   0.0540201
  4.4252E-05,    0.053392
  4.4256E-05,    0.053392
   4.426E-05,    0.053392
  4.4264E-05,   0.0527638
  4.4268E-05,    0.053392
  4.4272E-05,   0.0527638
  4.4276E-05,   0.0527638
   4.428E-05,   0.0527638
  4.4284E-05,   0.0527638
  4.4288E-05,   0.0521357
  4.4292E-05,   0.0521357
  4.4296E-05,   0.0521357
    4.43E-05,   0.0521357
  4.4304E-05,   0.0515075
  4.4308E-05,   0.0515075
  4.4312E-05,   0.0515075
  4.4316E-05,   0.0508794
   4.432E-05,   0.0508794
  4.4324E-05,   0.0508794
  4.4328E-05,   0.0508794
  4.4332E-05,   0.0508794
  4.4336E-05,   0.0502513
   4.434E-05,   0.0502513
  4.4344E-05,   0.0502513
  4.4348E-05,   0.0496231
  4.4352E-05,   0.0496231
  4.4356E-05,   0.0496231
   4.436E-05,   0.0496231
  4.4364E-05,    0.048995
  4.4368E-05,    0.048995
  4.4372E-05,    0.048995
  4.4376E-05,   0.0483668
   4.438E-05,   0.0483668
  4.4384E-05,   0.0483668
  4.4388E-05,   0.0483668
  4.4392E-05,   0.0477387
  4.4396E-05,   0.0477387
    4.44E-05,   0.0471106
  4.4404E-05,   0.0471106
  4.4408E-05,   0.0471106
  4.4412E-05,   0.0464824
  4.4416E-05,   0.0464824
   4.442E-05,   0.0464824
  4.4424E-05,   0.0458543
  4.4428E-05,   0.0458543
  4.4432E-05,   0.0458543
  4.4436E-05,   0.0452261
   4.444E-05,   0.0452261
  4.4444E-05,    0.044598
  4.4448E-05,    0.044598
  4.4452E-05,    0.044598
  4.4456E-05,   0.0439698
   4.446E-05,   0.0439698
  4.4464E-05,   0.0433417
  4.4468E-05,   0.0433417
  4.4472E-05,   0.0433417
  4.4476E-05,   0.0427136
   4.448E-05,   0.0427136
  4.4484E-05,   0.0420854
  4.4488E-05,   0.0420854
  4.4492E-05,   0.0414573
  4.4496E-05,   0.0414573
    4.45E-05,   0.0414573
  4.4504E-05,   0.0408291
  4.4508E-05,    0.040201
  4.4512E-05,    0.040201
  4.4516E-05,   0.0395729
   4.452E-05,   0.0395729
  4.4524E-05,   0.0389447
  4.4528E-05,   0.0389447
  4.4532E-05,   0.0383166
  4.4536E-05,   0.0376884
   4.454E-05,   0.0376884
  4.4544E-05,   0.0370603
  4.4548E-05,   0.0370603
  4.4552E-05,   0.0364322
  4.4556E-05,    0.035804
   4.456E-05,    0.035804
  4.4564E-05,   0.0351759
  4.4568E-05,   0.0351759
  4.4572E-05,   0.0345477
  4.4576E-05,   0.0339196
   4.458E-05,   0.0339196
  4.4584E-05,   0.0332915
  4.4588E-05,   0.0332915
  4.4592E-05,   0.0326633
  4.4596E-05,   0.0320352
    4.46E-05,    0.031407
  4.4604E-05,    0.031407
  4.4608E-05,   0.0307789
  4.4612E-05,   0.0301508
  4.4616E-05,   0.0295226
   4.462E-05,   0.0295226
  4.4624E-05,   0.0288945
  4.4628E-05,   0.0282663
  4.4632E-05,   0.0282663
  4.4636E-05,   0.0276382
   4.464E-05,     0.02701
  4.4644E-05,   0.0263819
  4.4648E-05,   0.0263819
  4.4652E-05,   0.0257538
  4.4656E-05,   0.0251256
   4.466E-05,   0.0244975
  4.4664E-05,   0.0238693
  4.4668E-05,   0.0232412
  4.4672E-05,   0.0232412
  4.4676E-05,   0.0219849
   4.468E-05,   0.0219849
  4.4684E-05,   0.0213568
  4.4688E-05,   0.0207286
  4.4692E-05,   0.0207286
  4.4696E-05,   0.0201005
    4.47E-05,   0.0194724
  4.4704E-05,   0.0188442
  4.4708E-05,   0.0182161
  4.4712E-05,   0.0182161
  4.4716E-05,   0.0175879
   4.472E-05,   0.0169598
  4.4724E-05,   0.0163317
  4.4728E-05,   0.0157035
  4.4732E-05,   0.0150754
  4.4736E-05,   0.0144472
   4.474E-05,   0.0138191
  4.4744E-05,   0.0138191
  4.4748E-05,    0.013191
  4.4752E-05,   0.0119347
  4.4756E-05,   0.0113065
   4.476E-05,   0.0106784
  4.4764E-05,   0.0106784
  4.4768E-05,   0.0100503
  4.4772E-05,  0.00942211
  4.4776E-05,  0.00879397
   4.478E-05,  0.00816583
  4.4784E-05,  0.00690955
  4.4788E-05,  0.00690955
  4.4792E-05,  0.00628141
  4.4796E-05,  0.00565327
    4.48E-05,  0.00439698
  4.4804E-05,  0.00439698
  4.4808E-05,  0.00376884
  4.4812E-05,   0.0031407
  4.4816E-05,  0.00251256
   4.482E-05,  0.00188442
  4.4824E-05,  0.00125628
  4.4828E-05, 0.000628141
  4.4832E-05,-0.000628141
  4.4836E-05,-0.000628141
   4.484E-05, -0.00125628
  4.4844E-05, -0.00251256
  4.4848E-05,  -0.0031407
  4.4852E-05,  -0.0031407
  4.4856E-05, -0.00439698
   4.486E-05, -0.00502513
  4.4864E-05, -0.00565327
  4.4868E-05, -0.00628141
  4.4872E-05, -0.00690955
  4.4876E-05, -0.00753769
   4.488E-05, -0.00816583
  4.4884E-05, -0.00879397
  4.4888E-05,  -0.0100503
  4.4892E-05,  -0.0100503
  4.4896E-05,  -0.0106784
    4.49E-05,  -0.0119347
  4.4904E-05,  -0.0125628
  4.4908E-05,   -0.013191
  4.4912E-05,   -0.013191
  4.4916E-05,  -0.0144472
   4.492E-05,  -0.0150754
  4.4924E-05,  -0.0157035
  4.4928E-05,  -0.0163317
  4.4932E-05,  -0.0169598
  4.4936E-05,  -0.0175879
   4.494E-05,  -0.0182161
  4.4944E-05,  -0.0188442
  4.4948E-05,  -0.0194724
  4.4952E-05,  -0.0201005
  4.4956E-05,  -0.0207286
   4.496E-05,  -0.0213568
  4.4964E-05,  -0.0219849
  4.4968E-05,  -0.0226131
  4.4972E-05,  -0.0232412
  4.4976E-05,  -0.0238693
   4.498E-05,  -0.0244975
  4.4984E-05,  -0.0251256
  4.4988E-05,  -0.0257538
  4.4992E-05,  -0.0263819
  4.4996E-05,    -0.02701
     4.5E-05,  -0.0276382
  4.5004E-05,  -0.0282663
  4.5008E-05,  -0.0288945
  4.5012E-05,  -0.0295226
  4.5016E-05,  -0.0301508
   4.502E-05,  -0.0307789
  4.5024E-05,   -0.031407
  4.5028E-05,  -0.0320352
  4.5032E-05,  -0.0326633
  4.5036E-05,  -0.0326633
   4.504E-05,  -0.0332915
  4.5044E-05,  -0.0339196
  4.5048E-05,  -0.0345477
  4.5052E-05,  -0.0351759
  4.5056E-05,   -0.035804
   4.506E-05,  -0.0370603
  4.5064E-05,  -0.0370603
  4.5068E-05,  -0.0376884
  4.5072E-05,  -0.0383166
  4.5076E-05,  -0.0395729
   4.508E-05,  -0.0395729
  4.5084E-05,   -0.040201
  4.5088E-05,  -0.0408291
  4.5092E-05,  -0.0414573
  4.5096E-05,  -0.0420854
    4.51E-05,  -0.0427136
  4.5104E-05,  -0.0433417
  4.5108E-05,  -0.0439698
  4.5112E-05,   -0.044598
  4.5116E-05,  -0.0452261
   4.512E-05,  -0.0458543
  4.5124E-05,  -0.0464824
  4.5128E-05,  -0.0471106
  4.5132E-05,  -0.0471106
  4.5136E-05,  -0.0477387
   4.514E-05,   -0.048995
  4.5144E-05,   -0.048995
  4.5148E-05,  -0.0496231
  4.5152E-05,  -0.0502513
  4.5156E-05,  -0.0508794
   4.516E-05,  -0.0515075
  4.5164E-05,  -0.0521357
  4.5168E-05,  -0.0527638
  4.5172E-05,   -0.053392
  4.5176E-05,  -0.0540201
   4.518E-05,  -0.0546482
  4.5184E-05,  -0.0552764
  4.5188E-05,  -0.0559045
  4.5192E-05,  -0.0565327
  4.5196E-05,  -0.0565327
    4.52E-05,  -0.0577889
  4.5204E-05,  -0.0584171
  4.5208E-05,  -0.0584171
  4.5212E-05,  -0.0590452
  4.5216E-05,  -0.0596734
   4.522E-05,  -0.0603015
  4.5224E-05,  -0.0609296
  4.5228E-05,  -0.0615578
  4.5232E-05,  -0.0621859
  4.5236E-05,  -0.0628141
   4.524E-05,  -0.0628141
  4.5244E-05,  -0.0634422
  4.5248E-05,  -0.0646985
  4.5252E-05,  -0.0646985
  4.5256E-05,  -0.0653266
   4.526E-05,  -0.0659548
  4.5264E-05,  -0.0665829
  4.5268E-05,  -0.0672111
  4.5272E-05,  -0.0672111
  4.5276E-05,  -0.0678392
   4.528E-05,  -0.0684673
  4.5284E-05,  -0.0690955
  4.5288E-05,  -0.0697236
  4.5292E-05,  -0.0697236
  4.5296E-05,  -0.0703518
    4.53E-05,  -0.0709799
  4.5304E-05,   -0.071608
  4.5308E-05,  -0.0722362
  4.5312E-05,  -0.0728643
  4.5316E-05,  -0.0728643
   4.532E-05,  -0.0741206
  4.5324E-05,  -0.0741206
  4.5328E-05,  -0.0747487
  4.5332E-05,  -0.0753769
  4.5336E-05,   -0.076005
   4.534E-05,  -0.0766332
  4.5344E-05,  -0.0766332
  4.5348E-05,  -0.0772613
  4.5352E-05,  -0.0778894
  4.5356E-05,  -0.0785176
   4.536E-05,  -0.0791457
  4.5364E-05,  -0.0797739
  4.5368E-05,  -0.0797739
  4.5372E-05,   -0.080402
  4.5376E-05,  -0.0810302
   4.538E-05,  -0.0810302
  4.5384E-05,  -0.0816583
  4.5388E-05,  -0.0822864
  4.5392E-05,  -0.0829146
  4.5396E-05,  -0.0835427
    4.54E-05,  -0.0841709
  4.5404E-05,  -0.0841709
  4.5408E-05,   -0.084799
  4.5412E-05,  -0.0854271
  4.5416E-05,  -0.0860553
   4.542E-05,  -0.0866834
  4.5424E-05,  -0.0866834
  4.5428E-05,  -0.0873116
  4.5432E-05,  -0.0879397
  4.5436E-05,  -0.0885678
   4.544E-05,  -0.0885678
  4.5444E-05,   -0.089196
  4.5448E-05,  -0.0898241
  4.5452E-05,  -0.0904523
  4.5456E-05,  -0.0910804
   4.546E-05,  -0.0910804
  4.5464E-05,  -0.0917085
  4.5468E-05,  -0.0923367
  4.5472E-05,  -0.0929648
  4.5476E-05,  -0.0929648
   4.548E-05,   -0.093593
  4.5484E-05,  -0.0942211
  4.5488E-05,  -0.0948492
  4.5492E-05,  -0.0948492
  4.5496E-05,  -0.0954774
    4.55E-05,  -0.0961055
  4.5504E-05,  -0.0967337
  4.5508E-05,  -0.0967337
  4.5512E-05,  -0.0973618
  4.5516E-05,  -0.0979899
   4.552E-05,  -0.0986181
  4.5524E-05,  -0.0986181
  4.5528E-05,  -0.0992462
  4.5532E-05,  -0.0998744
  4.5536E-05,  -0.0998744
   4.554E-05,   -0.100503
  4.5544E-05,   -0.101131
  4.5548E-05,   -0.101131
  4.5552E-05,   -0.101759
  4.5556E-05,   -0.102387
   4.556E-05,   -0.103015
  4.5564E-05,   -0.103015
  4.5568E-05,   -0.103015
  4.5572E-05,   -0.103643
  4.5576E-05,   -0.104271
   4.558E-05,   -0.104271
  4.5584E-05,   -0.104899
  4.5588E-05,   -0.105528
  4.5592E-05,   -0.105528
  4.5596E-05,   -0.106156
    4.56E-05,   -0.106156
  4.5604E-05,   -0.106784
  4.5608E-05,   -0.107412
  4.5612E-05,   -0.107412
  4.5616E-05,    -0.10804
   4.562E-05,   -0.108668
  4.5624E-05,   -0.108668
  4.5628E-05,   -0.109296
  4.5632E-05,   -0.109296
  4.5636E-05,   -0.109925
   4.564E-05,   -0.109925
  4.5644E-05,   -0.110553
  4.5648E-05,   -0.111181
  4.5652E-05,   -0.111181
  4.5656E-05,   -0.111809
   4.566E-05,   -0.111809
  4.5664E-05,   -0.111809
  4.5668E-05,   -0.112437
  4.5672E-05,   -0.113065
  4.5676E-05,   -0.113065
   4.568E-05,   -0.113065
  4.5684E-05,   -0.113693
  4.5688E-05,   -0.114322
  4.5692E-05,   -0.114322
  4.5696E-05,   -0.114322
    4.57E-05,    -0.11495
  4.5704E-05,    -0.11495
  4.5708E-05,   -0.115578
  4.5712E-05,   -0.115578
  4.5716E-05,   -0.116206
   4.572E-05,   -0.116206
  4.5724E-05,   -0.116206
  4.5728E-05,   -0.116834
  4.5732E-05,   -0.117462
  4.5736E-05,   -0.117462
   4.574E-05,   -0.117462
  4.5744E-05,    -0.11809
  4.5748E-05,    -0.11809
  4.5752E-05,    -0.11809
  4.5756E-05,   -0.118719
   4.576E-05,   -0.118719
  4.5764E-05,   -0.118719
  4.5768E-05,   -0.118719
  4.5772E-05,   -0.119347
  4.5776E-05,   -0.119347
   4.578E-05,   -0.119347
  4.5784E-05,   -0.119975
  4.5788E-05,   -0.119975
  4.5792E-05,   -0.120603
  4.5796E-05,   -0.120603
    4.58E-05,   -0.120603
  4.5804E-05,   -0.120603
  4.5808E-05,   -0.120603
  4.5812E-05,   -0.120603
  4.5816E-05,   -0.121231
   4.582E-05,   -0.121231
  4.5824E-05,   -0.121231
  4.5828E-05,   -0.121231
  4.5832E-05,   -0.121231
  4.5836E-05,   -0.121859
   4.584E-05,   -0.121859
  4.5844E-05,   -0.121859
  4.5848E-05,   -0.121859
  4.5852E-05,   -0.121859
  4.5856E-05,   -0.121859
   4.586E-05,   -0.122487
  4.5864E-05,   -0.121859
  4.5868E-05,   -0.122487
  4.5872E-05,   -0.122487
  4.5876E-05,   -0.122487
   4.588E-05,   -0.122487
  4.5884E-05,   -0.122487
  4.5888E-05,   -0.122487
  4.5892E-05,   -0.122487
  4.5896E-05,   -0.121859
    4.59E-05,   -0.122487
  4.5904E-05,   -0.122487
  4.5908E-05,   -0.122487
  4.5912E-05,   -0.121859
  4.5916E-05,   -0.122487
   4.592E-05,   -0.122487
  4.5924E-05,   -0.121859
  4.5928E-05,   -0.121859
  4.5932E-05,   -0.121859
  4.5936E-05,   -0.121859
   4.594E-05,   -0.121859
  4.5944E-05,   -0.121859
  4.5948E-05,   -0.121859
  4.5952E-05,   -0.121859
  4.5956E-05,   -0.121231
   4.596E-05,   -0.121231
  4.5964E-05,   -0.121231
  4.5968E-05,   -0.121231
  4.5972E-05,   -0.121231
  4.5976E-05,   -0.120603
   4.598E-05,   -0.120603
  4.5984E-05,   -0.120603
  4.5988E-05,   -0.120603
  4.5992E-05,   -0.119975
  4.5996E-05,   -0.119975
     4.6E-05,   -0.119975
  4.6004E-05,   -0.119347
  4.6008E-05,   -0.119347
  4.6012E-05,   -0.119347
  4.6016E-05,   -0.118719
   4.602E-05,   -0.118719
  4.6024E-05,   -0.118719
  4.6028E-05,   -0.118719
  4.6032E-05,    -0.11809
  4.6036E-05,    -0.11809
   4.604E-05,   -0.117462
  4.6044E-05,   -0.117462
  4.6048E-05,   -0.117462
  4.6052E-05,   -0.116834
  4.6056E-05,   -0.116834
   4.606E-05,   -0.116834
  4.6064E-05,   -0.116206
  4.6068E-05,   -0.116206
  4.6072E-05,   -0.115578
  4.6076E-05,   -0.115578
   4.608E-05,    -0.11495
  4.6084E-05,    -0.11495
  4.6088E-05,   -0.114322
  4.6092E-05,   -0.114322
  4.6096E-05,   -0.113693
    4.61E-05,   -0.113693
  4.6104E-05,   -0.113065
  4.6108E-05,   -0.113065
  4.6112E-05,   -0.112437
  4.6116E-05,   -0.111809
   4.612E-05,   -0.111809
  4.6124E-05,   -0.111809
  4.6128E-05,   -0.111181
  4.6132E-05,   -0.111181
  4.6136E-05,   -0.110553
   4.614E-05,   -0.109925
  4.6144E-05,   -0.109925
  4.6148E-05,   -0.109296
  4.6152E-05,   -0.108668
  4.6156E-05,   -0.108668
   4.616E-05,    -0.10804
  4.6164E-05,   -0.107412
  4.6168E-05,   -0.107412
  4.6172E-05,   -0.106784
  4.6176E-05,   -0.106784
   4.618E-05,   -0.106156
  4.6184E-05,   -0.105528
  4.6188E-05,   -0.104899
  4.6192E-05,   -0.104271
  4.6196E-05,   -0.104271
    4.62E-05,   -0.103643
  4.6204E-05,   -0.103643
  4.6208E-05,   -0.103015
  4.6212E-05,   -0.102387
  4.6216E-05,   -0.101759
   4.622E-05,   -0.101759
  4.6224E-05,   -0.101131
  4.6228E-05,   -0.101131
  4.6232E-05,  -0.0998744
  4.6236E-05,  -0.0998744
   4.624E-05,  -0.0998744
  4.6244E-05,  -0.0986181
  4.6248E-05,  -0.0986181
  4.6252E-05,  -0.0979899
  4.6256E-05,  -0.0973618
   4.626E-05,  -0.0973618
  4.6264E-05,  -0.0967337
  4.6268E-05,  -0.0961055
  4.6272E-05,  -0.0954774
  4.6276E-05,  -0.0948492
   4.628E-05,  -0.0948492
  4.6284E-05,  -0.0942211
  4.6288E-05,   -0.093593
  4.6292E-05,  -0.0929648
  4.6296E-05,  -0.0923367
    4.63E-05,  -0.0923367
  4.6304E-05,  -0.0910804
  4.6308E-05,  -0.0904523
  4.6312E-05,  -0.0904523
  4.6316E-05,  -0.0898241
   4.632E-05,   -0.089196
  4.6324E-05,   -0.089196
  4.6328E-05,  -0.0885678
  4.6332E-05,  -0.0879397
  4.6336E-05,  -0.0866834
   4.634E-05,  -0.0866834
  4.6344E-05,  -0.0860553
  4.6348E-05,  -0.0854271
  4.6352E-05,   -0.084799
  4.6356E-05,   -0.084799
   4.636E-05,  -0.0835427
  4.6364E-05,  -0.0835427
  4.6368E-05,  -0.0829146
  4.6372E-05,  -0.0822864
  4.6376E-05,  -0.0816583
   4.638E-05,  -0.0810302
  4.6384E-05,  -0.0810302
  4.6388E-05,   -0.080402
  4.6392E-05,  -0.0797739
  4.6396E-05,  -0.0791457
    4.64E-05,  -0.0785176
  4.6404E-05,  -0.0778894
  4.6408E-05,  -0.0772613
  4.6412E-05,  -0.0766332
  4.6416E-05,   -0.076005
   4.642E-05,  -0.0753769
  4.6424E-05,  -0.0753769
  4.6428E-05,  -0.0747487
  4.6432E-05,  -0.0741206
  4.6436E-05,  -0.0734925
   4.644E-05,  -0.0728643
  4.6444E-05,  -0.0722362
  4.6448E-05,   -0.071608
  4.6452E-05,  -0.0709799
  4.6456E-05,  -0.0703518
   4.646E-05,  -0.0697236
  4.6464E-05,  -0.0690955
  4.6468E-05,  -0.0690955
  4.6472E-05,  -0.0684673
  4.6476E-05,  -0.0672111
   4.648E-05,  -0.0665829
  4.6484E-05,  -0.0665829
  4.6488E-05,  -0.0659548
  4.6492E-05,  -0.0653266
  4.6496E-05,  -0.0646985
    4.65E-05,  -0.0640704
  4.6504E-05,  -0.0634422
  4.6508E-05,  -0.0628141
  4.6512E-05,  -0.0621859
  4.6516E-05,  -0.0615578
   4.652E-05,  -0.0609296
  4.6524E-05,  -0.0603015
  4.6528E-05,  -0.0596734
  4.6532E-05,  -0.0596734
  4.6536E-05,  -0.0584171
   4.654E-05,  -0.0577889
  4.6544E-05,  -0.0577889
  4.6548E-05,  -0.0571608
  4.6552E-05,  -0.0565327
  4.6556E-05,  -0.0559045
   4.656E-05,  -0.0552764
  4.6564E-05,  -0.0546482
  4.6568E-05,  -0.0540201
  4.6572E-05,   -0.053392
  4.6576E-05,  -0.0527638
   4.658E-05,  -0.0521357
  4.6584E-05,  -0.0515075
  4.6588E-05,  -0.0508794
  4.6592E-05,  -0.0502513
  4.6596E-05,  -0.0496231
    4.66E-05,   -0.048995
  4.6604E-05,  -0.0483668
  4.6608E-05,  -0.0483668
  4.6612E-05,  -0.0477387
  4.6616E-05,  -0.0471106
   4.662E-05,  -0.0464824
  4.6624E-05,  -0.0458543
  4.6628E-05,  -0.0452261
  4.6632E-05,   -0.044598
  4.6636E-05,  -0.0439698
   4.664E-05,  -0.0433417
  4.6644E-05,  -0.0427136
  4.6648E-05,  -0.0420854
  4.6652E-05,  -0.0420854
  4.6656E-05,  -0.0408291
   4.666E-05,   -0.040201
  4.6664E-05,  -0.0395729
  4.6668E-05,  -0.0389447
  4.6672E-05,  -0.0389447
  4.6676E-05,  -0.0376884
   4.668E-05,  -0.0370603
  4.6684E-05,  -0.0364322
  4.6688E-05,   -0.035804
  4.6692E-05,   -0.035804
  4.6696E-05,  -0.0345477
    4.67E-05,  -0.0339196
  4.6704E-05,  -0.0339196
  4.6708E-05,  -0.0326633
  4.6712E-05,  -0.0320352
  4.6716E-05,  -0.0320352
   4.672E-05,  -0.0307789
  4.6724E-05,  -0.0307789
  4.6728E-05,  -0.0301508
  4.6732E-05,  -0.0295226
  4.6736E-05,  -0.0288945
   4.674E-05,  -0.0276382
  4.6744E-05,  -0.0276382
  4.6748E-05,    -0.02701
  4.6752E-05,  -0.0263819
  4.6756E-05,  -0.0257538
   4.676E-05,  -0.0251256
  4.6764E-05,  -0.0244975
  4.6768E-05,  -0.0238693
  4.6772E-05,  -0.0232412
  4.6776E-05,  -0.0226131
   4.678E-05,  -0.0219849
  4.6784E-05,  -0.0213568
  4.6788E-05,  -0.0207286
  4.6792E-05,  -0.0201005
  4.6796E-05,  -0.0194724
    4.68E-05,  -0.0188442
  4.6804E-05,  -0.0182161
  4.6808E-05,  -0.0175879
  4.6812E-05,  -0.0169598
  4.6816E-05,  -0.0163317
   4.682E-05,  -0.0157035
  4.6824E-05,  -0.0144472
  4.6828E-05,  -0.0138191
  4.6832E-05,   -0.013191
  4.6836E-05,  -0.0125628
   4.684E-05,  -0.0119347
  4.6844E-05,  -0.0113065
  4.6848E-05,  -0.0106784
  4.6852E-05,  -0.0100503
  4.6856E-05, -0.00942211
   4.686E-05, -0.00879397
  4.6864E-05, -0.00753769
  4.6868E-05, -0.00690955
  4.6872E-05, -0.00628141
  4.6876E-05, -0.00565327
   4.688E-05, -0.00502513
  4.6884E-05, -0.00376884
  4.6888E-05,  -0.0031407
  4.6892E-05, -0.00251256
  4.6896E-05, -0.00188442
    4.69E-05, -0.00125628
  4.6904E-05,-0.000628141
  4.6908E-05, 0.000628141
  4.6912E-05,  0.00125628
  4.6916E-05,  0.00188442
   4.692E-05,  0.00251256
  4.6924E-05,   0.0031407
  4.6928E-05,  0.00439698
  4.6932E-05,  0.00502513
  4.6936E-05,  0.00565327
   4.694E-05,  0.00628141
  4.6944E-05,  0.00753769
  4.6948E-05,  0.00816583
  4.6952E-05,  0.00879397
  4.6956E-05,  0.00942211
   4.696E-05,   0.0106784
  4.6964E-05,   0.0113065
  4.6968E-05,   0.0119347
  4.6972E-05,    0.013191
  4.6976E-05,   0.0138191
   4.698E-05,   0.0144472
  4.6984E-05,   0.0150754
  4.6988E-05,   0.0163317
  4.6992E-05,   0.0169598
  4.6996E-05,   0.0175879
