    0.000134,   -0.104523
 0.000134004,   -0.104121
 0.000134008,   -0.103719
 0.000134012,   -0.103317
 0.000134016,   -0.102714
  0.00013402,   -0.102312
 0.000134024,   -0.101709
 0.000134028,   -0.101106
 0.000134032,   -0.100704
 0.000134036,   -0.100302
  0.00013404,  -0.0996985
 0.000134044,  -0.0990955
 0.000134048,  -0.0984925
 0.000134052,  -0.0980905
 0.000134056,  -0.0974874
  0.00013406,  -0.0968844
 0.000134064,  -0.0962814
 0.000134068,  -0.0956784
 0.000134072,  -0.0952764
 0.000134076,  -0.0946734
  0.00013408,  -0.0940704
 0.000134084,  -0.0934673
 0.000134088,  -0.0928643
 0.000134092,  -0.0922613
 0.000134096,  -0.0916583
   0.0001341,  -0.0908543
 0.000134104,  -0.0902513
 0.000134108,  -0.0896482
 0.000134112,  -0.0888442
 0.000134116,  -0.0882412
  0.00013412,  -0.0876382
 0.000134124,  -0.0868342
 0.000134128,  -0.0860301
 0.000134132,  -0.0854271
 0.000134136,  -0.0848241
  0.00013414,  -0.0842211
 0.000134144,  -0.0834171
 0.000134148,  -0.0828141
 0.000134152,    -0.08201
 0.000134156,   -0.081407
  0.00013416,   -0.080603
 0.000134164,   -0.079799
 0.000134168,   -0.079196
 0.000134172,   -0.078392
 0.000134176,  -0.0775879
  0.00013418,  -0.0769849
 0.000134184,  -0.0763819
 0.000134188,  -0.0755779
 0.000134192,  -0.0747739
 0.000134196,  -0.0741709
   0.0001342,  -0.0733668
 0.000134204,  -0.0727638
 0.000134208,  -0.0719598
 0.000134212,  -0.0711558
 0.000134216,  -0.0705528
  0.00013422,  -0.0697487
 0.000134224,  -0.0689447
 0.000134228,  -0.0681407
 0.000134232,  -0.0675377
 0.000134236,  -0.0667337
  0.00013424,  -0.0657286
 0.000134244,  -0.0651256
 0.000134248,  -0.0643216
 0.000134252,  -0.0635176
 0.000134256,  -0.0625126
  0.00013426,  -0.0619095
 0.000134264,  -0.0611055
 0.000134268,  -0.0603015
 0.000134272,  -0.0594975
 0.000134276,  -0.0586935
  0.00013428,  -0.0578894
 0.000134284,  -0.0570854
 0.000134288,  -0.0562814
 0.000134292,  -0.0554774
 0.000134296,  -0.0546734
   0.0001343,  -0.0538693
 0.000134304,  -0.0530653
 0.000134308,  -0.0522613
 0.000134312,  -0.0514573
 0.000134316,  -0.0506533
  0.00013432,  -0.0498492
 0.000134324,  -0.0488442
 0.000134328,  -0.0480402
 0.000134332,  -0.0474372
 0.000134336,  -0.0466332
  0.00013434,  -0.0458291
 0.000134344,  -0.0448241
 0.000134348,  -0.0438191
 0.000134352,  -0.0430151
 0.000134356,  -0.0422111
  0.00013436,   -0.041407
 0.000134364,   -0.040402
 0.000134368,   -0.039397
 0.000134372,   -0.038794
 0.000134376,  -0.0379899
  0.00013438,  -0.0369849
 0.000134384,  -0.0363819
 0.000134388,  -0.0353769
 0.000134392,  -0.0345729
 0.000134396,  -0.0337688
   0.0001344,  -0.0329648
 0.000134404,  -0.0321608
 0.000134408,  -0.0311558
 0.000134412,  -0.0305528
 0.000134416,  -0.0295477
  0.00013442,  -0.0287437
 0.000134424,  -0.0279397
 0.000134428,  -0.0269347
 0.000134432,  -0.0263317
 0.000134436,  -0.0253266
  0.00013444,  -0.0243216
 0.000134444,  -0.0237186
 0.000134448,  -0.0229146
 0.000134452,  -0.0221106
 0.000134456,  -0.0211055
  0.00013446,  -0.0203015
 0.000134464,  -0.0194975
 0.000134468,  -0.0184925
 0.000134472,  -0.0176884
 0.000134476,  -0.0168844
  0.00013448,  -0.0160804
 0.000134484,  -0.0152764
 0.000134488,  -0.0144724
 0.000134492,  -0.0134673
 0.000134496,  -0.0126633
   0.0001345,  -0.0118593
 0.000134504,  -0.0110553
 0.000134508,  -0.0102513
 0.000134512, -0.00924623
 0.000134516, -0.00844221
  0.00013452, -0.00763819
 0.000134524, -0.00703518
 0.000134528, -0.00623116
 0.000134532, -0.00522613
 0.000134536, -0.00442211
  0.00013454, -0.00361809
 0.000134544, -0.00301508
 0.000134548, -0.00201005
 0.000134552, -0.00120603
 0.000134556,-0.000603015
  0.00013456, 0.000201005
 0.000134564,  0.00080402
 0.000134568,  0.00160804
 0.000134572,  0.00241206
 0.000134576,  0.00321608
  0.00013458,   0.0040201
 0.000134584,  0.00462312
 0.000134588,  0.00562814
 0.000134592,  0.00643216
 0.000134596,  0.00703518
   0.0001346,   0.0078392
 0.000134604,  0.00864322
 0.000134608,  0.00944724
 0.000134612,   0.0100503
 0.000134616,   0.0108543
  0.00013462,   0.0116583
 0.000134624,   0.0124623
 0.000134628,   0.0130653
 0.000134632,   0.0138693
 0.000134636,   0.0146734
  0.00013464,   0.0152764
 0.000134644,   0.0160804
 0.000134648,   0.0168844
 0.000134652,   0.0176884
 0.000134656,   0.0182915
  0.00013466,   0.0190955
 0.000134664,   0.0196985
 0.000134668,   0.0203015
 0.000134672,   0.0211055
 0.000134676,   0.0219095
  0.00013468,   0.0227136
 0.000134684,   0.0233166
 0.000134688,   0.0239196
 0.000134692,   0.0247236
 0.000134696,   0.0253266
   0.0001347,   0.0261307
 0.000134704,   0.0267337
 0.000134708,   0.0273367
 0.000134712,   0.0279397
 0.000134716,   0.0285427
  0.00013472,   0.0293467
 0.000134724,   0.0299497
 0.000134728,   0.0305528
 0.000134732,   0.0313568
 0.000134736,   0.0317588
  0.00013474,   0.0325628
 0.000134744,   0.0331658
 0.000134748,   0.0337688
 0.000134752,   0.0343719
 0.000134756,   0.0349749
  0.00013476,   0.0357789
 0.000134764,   0.0361809
 0.000134768,   0.0367839
 0.000134772,   0.0375879
 0.000134776,   0.0379899
  0.00013478,    0.038593
 0.000134784,    0.039196
 0.000134788,    0.039799
 0.000134792,    0.040201
 0.000134796,    0.040804
   0.0001348,    0.041407
 0.000134804,   0.0420101
 0.000134808,   0.0424121
 0.000134812,   0.0432161
 0.000134816,   0.0438191
  0.00013482,   0.0442211
 0.000134824,   0.0446231
 0.000134828,   0.0452261
 0.000134832,   0.0458291
 0.000134836,   0.0462312
  0.00013484,   0.0468342
 0.000134844,   0.0472362
 0.000134848,   0.0476382
 0.000134852,   0.0480402
 0.000134856,   0.0488442
  0.00013486,   0.0492462
 0.000134864,   0.0494472
 0.000134868,   0.0500503
 0.000134872,   0.0504523
 0.000134876,   0.0510553
  0.00013488,   0.0512563
 0.000134884,   0.0516583
 0.000134888,   0.0522613
 0.000134892,   0.0524623
 0.000134896,   0.0528643
   0.0001349,   0.0532663
 0.000134904,   0.0536683
 0.000134908,   0.0540703
 0.000134912,   0.0546734
 0.000134916,   0.0550754
  0.00013492,   0.0552764
 0.000134924,   0.0556784
 0.000134928,   0.0560804
 0.000134932,   0.0564824
 0.000134936,   0.0566834
  0.00013494,   0.0570854
 0.000134944,   0.0572864
 0.000134948,   0.0576884
 0.000134952,   0.0580905
 0.000134956,   0.0584925
  0.00013496,   0.0586935
 0.000134964,   0.0590955
 0.000134968,   0.0592965
 0.000134972,   0.0596985
 0.000134976,   0.0601005
  0.00013498,   0.0603015
 0.000134984,   0.0605025
 0.000134988,   0.0607035
 0.000134992,   0.0611055
 0.000134996,   0.0611055
    0.000135,   0.0615075
 0.000135004,   0.0617085
 0.000135008,   0.0619095
 0.000135012,   0.0623116
 0.000135016,   0.0623116
  0.00013502,   0.0625126
 0.000135024,   0.0627136
 0.000135028,   0.0629146
 0.000135032,   0.0631156
 0.000135036,   0.0633166
  0.00013504,   0.0635176
 0.000135044,   0.0637186
 0.000135048,   0.0637186
 0.000135052,   0.0641206
 0.000135056,   0.0643216
  0.00013506,   0.0643216
 0.000135064,   0.0645226
 0.000135068,   0.0647236
 0.000135072,   0.0647236
 0.000135076,   0.0649246
  0.00013508,   0.0651256
 0.000135084,   0.0651256
 0.000135088,   0.0651256
 0.000135092,   0.0653266
 0.000135096,   0.0655276
   0.0001351,   0.0655276
 0.000135104,   0.0655276
 0.000135108,   0.0655276
 0.000135112,   0.0657286
 0.000135116,   0.0659297
  0.00013512,   0.0659297
 0.000135124,   0.0659297
 0.000135128,   0.0659297
 0.000135132,   0.0659297
 0.000135136,   0.0661307
  0.00013514,   0.0661307
 0.000135144,   0.0661307
 0.000135148,   0.0659297
 0.000135152,   0.0661307
 0.000135156,   0.0661307
  0.00013516,   0.0661307
 0.000135164,   0.0661307
 0.000135168,   0.0663317
 0.000135172,   0.0661307
 0.000135176,   0.0661307
  0.00013518,   0.0663317
 0.000135184,   0.0661307
 0.000135188,   0.0661307
 0.000135192,   0.0661307
 0.000135196,   0.0661307
   0.0001352,   0.0659297
 0.000135204,   0.0659297
 0.000135208,   0.0659297
 0.000135212,   0.0657286
 0.000135216,   0.0657286
  0.00013522,   0.0657286
 0.000135224,   0.0655276
 0.000135228,   0.0655276
 0.000135232,   0.0653266
 0.000135236,   0.0655276
  0.00013524,   0.0653266
 0.000135244,   0.0651256
 0.000135248,   0.0651256
 0.000135252,   0.0651256
 0.000135256,   0.0647236
  0.00013526,   0.0647236
 0.000135264,   0.0647236
 0.000135268,   0.0645226
 0.000135272,   0.0643216
 0.000135276,   0.0643216
  0.00013528,   0.0643216
 0.000135284,   0.0641206
 0.000135288,   0.0639196
 0.000135292,   0.0639196
 0.000135296,   0.0637186
   0.0001353,   0.0635176
 0.000135304,   0.0633166
 0.000135308,   0.0633166
 0.000135312,   0.0629146
 0.000135316,   0.0627136
  0.00013532,   0.0625126
 0.000135324,   0.0625126
 0.000135328,   0.0623116
 0.000135332,   0.0621106
 0.000135336,   0.0619095
  0.00013534,   0.0617085
 0.000135344,   0.0617085
 0.000135348,   0.0615075
 0.000135352,   0.0613065
 0.000135356,   0.0611055
  0.00013536,   0.0609045
 0.000135364,   0.0609045
 0.000135368,   0.0605025
 0.000135372,   0.0603015
 0.000135376,   0.0603015
  0.00013538,   0.0603015
 0.000135384,   0.0598995
 0.000135388,   0.0596985
 0.000135392,   0.0594975
 0.000135396,   0.0592965
   0.0001354,   0.0590955
 0.000135404,   0.0588945
 0.000135408,   0.0586935
 0.000135412,   0.0582915
 0.000135416,   0.0582915
  0.00013542,   0.0580905
 0.000135424,   0.0578894
 0.000135428,   0.0576884
 0.000135432,   0.0574874
 0.000135436,   0.0572864
  0.00013544,   0.0568844
 0.000135444,   0.0566834
 0.000135448,   0.0564824
 0.000135452,   0.0562814
 0.000135456,   0.0560804
  0.00013546,   0.0558794
 0.000135464,   0.0556784
 0.000135468,   0.0552764
 0.000135472,   0.0552764
 0.000135476,   0.0550754
  0.00013548,   0.0546734
 0.000135484,   0.0544724
 0.000135488,   0.0542714
 0.000135492,   0.0540703
 0.000135496,   0.0540703
   0.0001355,   0.0538693
 0.000135504,   0.0536683
 0.000135508,   0.0534673
 0.000135512,   0.0530653
 0.000135516,   0.0530653
  0.00013552,   0.0528643
 0.000135524,   0.0524623
 0.000135528,   0.0522613
 0.000135532,   0.0520603
 0.000135536,   0.0518593
  0.00013554,   0.0516583
 0.000135544,   0.0514573
 0.000135548,   0.0514573
 0.000135552,   0.0510553
 0.000135556,   0.0506533
  0.00013556,   0.0506533
 0.000135564,   0.0504523
 0.000135568,   0.0502513
 0.000135572,   0.0500503
 0.000135576,   0.0498492
  0.00013558,   0.0496482
 0.000135584,   0.0494472
 0.000135588,   0.0492462
 0.000135592,   0.0490452
 0.000135596,   0.0488442
   0.0001356,   0.0486432
 0.000135604,   0.0484422
 0.000135608,   0.0482412
 0.000135612,   0.0482412
 0.000135616,   0.0480402
  0.00013562,   0.0478392
 0.000135624,   0.0476382
 0.000135628,   0.0474372
 0.000135632,   0.0474372
 0.000135636,   0.0470352
  0.00013564,   0.0468342
 0.000135644,   0.0468342
 0.000135648,   0.0466332
 0.000135652,   0.0464322
 0.000135656,   0.0462312
  0.00013566,   0.0460301
 0.000135664,   0.0458291
 0.000135668,   0.0456281
 0.000135672,   0.0456281
 0.000135676,   0.0454271
  0.00013568,   0.0452261
 0.000135684,   0.0452261
 0.000135688,   0.0450251
 0.000135692,   0.0448241
 0.000135696,   0.0446231
   0.0001357,   0.0446231
 0.000135704,   0.0444221
 0.000135708,   0.0442211
 0.000135712,   0.0442211
 0.000135716,   0.0442211
  0.00013572,   0.0438191
 0.000135724,   0.0436181
 0.000135728,   0.0436181
 0.000135732,   0.0434171
 0.000135736,   0.0432161
  0.00013574,   0.0432161
 0.000135744,   0.0430151
 0.000135748,   0.0428141
 0.000135752,   0.0428141
 0.000135756,   0.0428141
  0.00013576,   0.0426131
 0.000135764,   0.0424121
 0.000135768,   0.0422111
 0.000135772,   0.0422111
 0.000135776,   0.0420101
  0.00013578,   0.0420101
 0.000135784,   0.0420101
 0.000135788,    0.041809
 0.000135792,    0.041608
 0.000135796,    0.041608
   0.0001358,    0.041407
 0.000135804,    0.041407
 0.000135808,    0.041407
 0.000135812,    0.041206
 0.000135816,    0.041005
  0.00013582,    0.041005
 0.000135824,    0.041005
 0.000135828,    0.041005
 0.000135832,    0.040804
 0.000135836,    0.040804
  0.00013584,    0.040804
 0.000135844,    0.040603
 0.000135848,    0.040603
 0.000135852,    0.040402
 0.000135856,    0.040603
  0.00013586,    0.040603
 0.000135864,    0.040201
 0.000135868,    0.040201
 0.000135872,    0.040201
 0.000135876,    0.040201
  0.00013588,    0.040201
 0.000135884,        0.04
 0.000135888,        0.04
 0.000135892,        0.04
 0.000135896,    0.039799
   0.0001359,    0.039799
 0.000135904,    0.039799
 0.000135908,    0.039799
 0.000135912,    0.039799
 0.000135916,    0.039598
  0.00013592,    0.039598
 0.000135924,    0.039598
 0.000135928,    0.039598
 0.000135932,    0.039397
 0.000135936,    0.039397
  0.00013594,    0.039397
 0.000135944,    0.039397
 0.000135948,    0.039196
 0.000135952,    0.039397
 0.000135956,    0.039196
  0.00013596,    0.039196
 0.000135964,    0.039196
 0.000135968,    0.039196
 0.000135972,    0.038995
 0.000135976,    0.038995
  0.00013598,    0.038995
 0.000135984,    0.038995
 0.000135988,    0.038995
 0.000135992,    0.038995
 0.000135996,    0.038794
    0.000136,    0.038794
 0.000136004,    0.038794
 0.000136008,    0.038794
 0.000136012,    0.038794
 0.000136016,    0.038593
  0.00013602,    0.038593
 0.000136024,    0.038794
 0.000136028,    0.038794
 0.000136032,    0.038593
 0.000136036,    0.038593
  0.00013604,    0.038593
 0.000136044,    0.038593
 0.000136048,    0.038593
 0.000136052,    0.038593
 0.000136056,    0.038593
  0.00013606,    0.038392
 0.000136064,    0.038593
 0.000136068,    0.038593
 0.000136072,    0.038392
 0.000136076,    0.038392
  0.00013608,    0.038191
 0.000136084,    0.038191
 0.000136088,    0.038191
 0.000136092,    0.038392
 0.000136096,    0.038191
   0.0001361,   0.0379899
 0.000136104,    0.038191
 0.000136108,    0.038392
 0.000136112,    0.038191
 0.000136116,   0.0379899
  0.00013612,   0.0379899
 0.000136124,    0.038191
 0.000136128,   0.0379899
 0.000136132,   0.0379899
 0.000136136,    0.038191
  0.00013614,   0.0379899
 0.000136144,   0.0377889
 0.000136148,   0.0379899
 0.000136152,   0.0379899
 0.000136156,   0.0379899
  0.00013616,   0.0377889
 0.000136164,   0.0377889
 0.000136168,   0.0377889
 0.000136172,   0.0377889
 0.000136176,   0.0377889
  0.00013618,   0.0377889
 0.000136184,   0.0377889
 0.000136188,   0.0375879
 0.000136192,   0.0375879
 0.000136196,   0.0375879
   0.0001362,   0.0375879
 0.000136204,   0.0375879
 0.000136208,   0.0375879
 0.000136212,   0.0373869
 0.000136216,   0.0373869
  0.00013622,   0.0373869
 0.000136224,   0.0373869
 0.000136228,   0.0373869
 0.000136232,   0.0373869
 0.000136236,   0.0373869
  0.00013624,   0.0371859
 0.000136244,   0.0371859
 0.000136248,   0.0371859
 0.000136252,   0.0371859
 0.000136256,   0.0369849
  0.00013626,   0.0369849
 0.000136264,   0.0369849
 0.000136268,   0.0367839
 0.000136272,   0.0367839
 0.000136276,   0.0369849
  0.00013628,   0.0367839
 0.000136284,   0.0367839
 0.000136288,   0.0365829
 0.000136292,   0.0365829
 0.000136296,   0.0365829
   0.0001363,   0.0365829
 0.000136304,   0.0365829
 0.000136308,   0.0365829
 0.000136312,   0.0363819
 0.000136316,   0.0363819
  0.00013632,   0.0363819
 0.000136324,   0.0363819
 0.000136328,   0.0361809
 0.000136332,   0.0361809
 0.000136336,   0.0361809
  0.00013634,   0.0359799
 0.000136344,   0.0359799
 0.000136348,   0.0359799
 0.000136352,   0.0359799
 0.000136356,   0.0357789
  0.00013636,   0.0357789
 0.000136364,   0.0359799
 0.000136368,   0.0357789
 0.000136372,   0.0357789
 0.000136376,   0.0355779
  0.00013638,   0.0355779
 0.000136384,   0.0353769
 0.000136388,   0.0353769
 0.000136392,   0.0353769
 0.000136396,   0.0353769
   0.0001364,   0.0353769
 0.000136404,   0.0351759
 0.000136408,   0.0351759
 0.000136412,   0.0349749
 0.000136416,   0.0351759
  0.00013642,   0.0349749
 0.000136424,   0.0347739
 0.000136428,   0.0347739
 0.000136432,   0.0347739
 0.000136436,   0.0347739
  0.00013644,   0.0347739
 0.000136444,   0.0347739
 0.000136448,   0.0345729
 0.000136452,   0.0345729
 0.000136456,   0.0345729
  0.00013646,   0.0343719
 0.000136464,   0.0345729
 0.000136468,   0.0343719
 0.000136472,   0.0343719
 0.000136476,   0.0343719
  0.00013648,   0.0343719
 0.000136484,   0.0341709
 0.000136488,   0.0341709
 0.000136492,   0.0341709
 0.000136496,   0.0341709
   0.0001365,   0.0339698
 0.000136504,   0.0339698
 0.000136508,   0.0339698
 0.000136512,   0.0339698
 0.000136516,   0.0337688
  0.00013652,   0.0339698
 0.000136524,   0.0337688
 0.000136528,   0.0337688
 0.000136532,   0.0337688
 0.000136536,   0.0337688
  0.00013654,   0.0337688
 0.000136544,   0.0335678
 0.000136548,   0.0335678
 0.000136552,   0.0335678
 0.000136556,   0.0335678
  0.00013656,   0.0335678
 0.000136564,   0.0335678
 0.000136568,   0.0333668
 0.000136572,   0.0333668
 0.000136576,   0.0335678
  0.00013658,   0.0333668
 0.000136584,   0.0333668
 0.000136588,   0.0333668
 0.000136592,   0.0333668
 0.000136596,   0.0333668
   0.0001366,   0.0333668
 0.000136604,   0.0333668
 0.000136608,   0.0331658
 0.000136612,   0.0331658
 0.000136616,   0.0333668
  0.00013662,   0.0333668
 0.000136624,   0.0331658
 0.000136628,   0.0331658
 0.000136632,   0.0331658
 0.000136636,   0.0331658
  0.00013664,   0.0331658
 0.000136644,   0.0331658
 0.000136648,   0.0331658
 0.000136652,   0.0333668
 0.000136656,   0.0333668
  0.00013666,   0.0331658
 0.000136664,   0.0331658
 0.000136668,   0.0331658
 0.000136672,   0.0333668
 0.000136676,   0.0331658
  0.00013668,   0.0331658
 0.000136684,   0.0333668
 0.000136688,   0.0331658
 0.000136692,   0.0331658
 0.000136696,   0.0333668
   0.0001367,   0.0333668
 0.000136704,   0.0333668
 0.000136708,   0.0333668
 0.000136712,   0.0333668
 0.000136716,   0.0333668
  0.00013672,   0.0335678
 0.000136724,   0.0335678
 0.000136728,   0.0335678
 0.000136732,   0.0335678
 0.000136736,   0.0337688
  0.00013674,   0.0335678
 0.000136744,   0.0335678
 0.000136748,   0.0337688
 0.000136752,   0.0339698
 0.000136756,   0.0337688
  0.00013676,   0.0337688
 0.000136764,   0.0339698
 0.000136768,   0.0339698
 0.000136772,   0.0339698
 0.000136776,   0.0341709
  0.00013678,   0.0341709
 0.000136784,   0.0341709
 0.000136788,   0.0341709
 0.000136792,   0.0343719
 0.000136796,   0.0343719
   0.0001368,   0.0343719
 0.000136804,   0.0343719
 0.000136808,   0.0345729
 0.000136812,   0.0347739
 0.000136816,   0.0347739
  0.00013682,   0.0347739
 0.000136824,   0.0349749
 0.000136828,   0.0349749
 0.000136832,   0.0351759
 0.000136836,   0.0351759
  0.00013684,   0.0351759
 0.000136844,   0.0351759
 0.000136848,   0.0353769
 0.000136852,   0.0353769
 0.000136856,   0.0355779
  0.00013686,   0.0355779
 0.000136864,   0.0355779
 0.000136868,   0.0357789
 0.000136872,   0.0357789
 0.000136876,   0.0357789
  0.00013688,   0.0359799
 0.000136884,   0.0359799
 0.000136888,   0.0361809
 0.000136892,   0.0363819
 0.000136896,   0.0363819
   0.0001369,   0.0365829
 0.000136904,   0.0365829
 0.000136908,   0.0367839
 0.000136912,   0.0369849
 0.000136916,   0.0369849
  0.00013692,   0.0369849
 0.000136924,   0.0371859
 0.000136928,   0.0371859
 0.000136932,   0.0373869
 0.000136936,   0.0375879
  0.00013694,   0.0375879
 0.000136944,   0.0377889
 0.000136948,   0.0377889
 0.000136952,    0.038191
 0.000136956,    0.038191
  0.00013696,    0.038191
 0.000136964,    0.038593
 0.000136968,    0.038593
 0.000136972,    0.038593
 0.000136976,    0.038794
  0.00013698,    0.038995
 0.000136984,    0.038995
 0.000136988,    0.039196
 0.000136992,    0.039196
 0.000136996,    0.039196
    0.000137,    0.039397
 0.000137004,    0.039598
 0.000137008,    0.039598
 0.000137012,    0.039598
 0.000137016,    0.039799
  0.00013702,        0.04
 0.000137024,    0.040201
 0.000137028,    0.040201
 0.000137032,    0.040201
 0.000137036,    0.040402
  0.00013704,    0.040603
 0.000137044,    0.040603
 0.000137048,    0.040804
 0.000137052,    0.041005
 0.000137056,    0.041005
  0.00013706,    0.041206
 0.000137064,    0.041407
 0.000137068,    0.041608
 0.000137072,    0.041608
 0.000137076,    0.041809
  0.00013708,   0.0420101
 0.000137084,   0.0420101
 0.000137088,   0.0422111
 0.000137092,   0.0422111
 0.000137096,   0.0424121
   0.0001371,   0.0426131
 0.000137104,   0.0426131
 0.000137108,   0.0428141
 0.000137112,   0.0428141
 0.000137116,   0.0430151
  0.00013712,   0.0432161
 0.000137124,   0.0432161
 0.000137128,   0.0434171
 0.000137132,   0.0436181
 0.000137136,   0.0436181
  0.00013714,   0.0438191
 0.000137144,   0.0440201
 0.000137148,   0.0440201
 0.000137152,   0.0440201
 0.000137156,   0.0442211
  0.00013716,   0.0444221
 0.000137164,   0.0444221
 0.000137168,   0.0444221
 0.000137172,   0.0446231
 0.000137176,   0.0448241
  0.00013718,   0.0448241
 0.000137184,   0.0450251
 0.000137188,   0.0450251
 0.000137192,   0.0452261
 0.000137196,   0.0452261
   0.0001372,   0.0452261
 0.000137204,   0.0454271
 0.000137208,   0.0456281
 0.000137212,   0.0456281
 0.000137216,   0.0456281
  0.00013722,   0.0458291
 0.000137224,   0.0458291
 0.000137228,   0.0460301
 0.000137232,   0.0460301
 0.000137236,   0.0462312
  0.00013724,   0.0462312
 0.000137244,   0.0464322
 0.000137248,   0.0466332
 0.000137252,   0.0466332
 0.000137256,   0.0466332
  0.00013726,   0.0468342
 0.000137264,   0.0470352
 0.000137268,   0.0470352
 0.000137272,   0.0470352
 0.000137276,   0.0470352
  0.00013728,   0.0472362
 0.000137284,   0.0472362
 0.000137288,   0.0472362
 0.000137292,   0.0472362
 0.000137296,   0.0474372
   0.0001373,   0.0474372
 0.000137304,   0.0476382
 0.000137308,   0.0476382
 0.000137312,   0.0478392
 0.000137316,   0.0478392
  0.00013732,   0.0478392
 0.000137324,   0.0478392
 0.000137328,   0.0478392
 0.000137332,   0.0480402
 0.000137336,   0.0480402
  0.00013734,   0.0480402
 0.000137344,   0.0480402
 0.000137348,   0.0480402
 0.000137352,   0.0480402
 0.000137356,   0.0482412
  0.00013736,   0.0482412
 0.000137364,   0.0482412
 0.000137368,   0.0480402
 0.000137372,   0.0482412
 0.000137376,   0.0484422
  0.00013738,   0.0484422
 0.000137384,   0.0482412
 0.000137388,   0.0484422
 0.000137392,   0.0484422
 0.000137396,   0.0484422
   0.0001374,   0.0484422
 0.000137404,   0.0484422
 0.000137408,   0.0484422
 0.000137412,   0.0484422
 0.000137416,   0.0484422
  0.00013742,   0.0484422
 0.000137424,   0.0484422
 0.000137428,   0.0486432
 0.000137432,   0.0486432
 0.000137436,   0.0484422
  0.00013744,   0.0484422
 0.000137444,   0.0484422
 0.000137448,   0.0484422
 0.000137452,   0.0484422
 0.000137456,   0.0484422
  0.00013746,   0.0484422
 0.000137464,   0.0482412
 0.000137468,   0.0484422
 0.000137472,   0.0484422
 0.000137476,   0.0482412
  0.00013748,   0.0480402
 0.000137484,   0.0482412
 0.000137488,   0.0482412
 0.000137492,   0.0482412
 0.000137496,   0.0482412
   0.0001375,   0.0482412
 0.000137504,   0.0480402
 0.000137508,   0.0480402
 0.000137512,   0.0480402
 0.000137516,   0.0480402
  0.00013752,   0.0478392
 0.000137524,   0.0478392
 0.000137528,   0.0476382
 0.000137532,   0.0476382
 0.000137536,   0.0476382
  0.00013754,   0.0476382
 0.000137544,   0.0476382
 0.000137548,   0.0476382
 0.000137552,   0.0476382
 0.000137556,   0.0476382
  0.00013756,   0.0474372
 0.000137564,   0.0472362
 0.000137568,   0.0472362
 0.000137572,   0.0472362
 0.000137576,   0.0472362
  0.00013758,   0.0470352
 0.000137584,   0.0468342
 0.000137588,   0.0466332
 0.000137592,   0.0466332
 0.000137596,   0.0466332
   0.0001376,   0.0466332
 0.000137604,   0.0464322
 0.000137608,   0.0464322
 0.000137612,   0.0464322
 0.000137616,   0.0462312
  0.00013762,   0.0460301
 0.000137624,   0.0460301
 0.000137628,   0.0460301
 0.000137632,   0.0458291
 0.000137636,   0.0458291
  0.00013764,   0.0458291
 0.000137644,   0.0454271
 0.000137648,   0.0452261
 0.000137652,   0.0454271
 0.000137656,   0.0452261
  0.00013766,   0.0450251
 0.000137664,   0.0450251
 0.000137668,   0.0450251
 0.000137672,   0.0446231
 0.000137676,   0.0446231
  0.00013768,   0.0446231
 0.000137684,   0.0446231
 0.000137688,   0.0444221
 0.000137692,   0.0442211
 0.000137696,   0.0442211
   0.0001377,   0.0440201
 0.000137704,   0.0438191
 0.000137708,   0.0438191
 0.000137712,   0.0436181
 0.000137716,   0.0434171
  0.00013772,   0.0434171
 0.000137724,   0.0432161
 0.000137728,   0.0432161
 0.000137732,   0.0430151
 0.000137736,   0.0430151
  0.00013774,   0.0428141
 0.000137744,   0.0426131
 0.000137748,   0.0424121
 0.000137752,   0.0422111
 0.000137756,   0.0422111
  0.00013776,   0.0420101
 0.000137764,    0.041809
 0.000137768,    0.041809
 0.000137772,    0.041608
 0.000137776,    0.041407
  0.00013778,    0.041206
 0.000137784,    0.041206
 0.000137788,    0.041005
 0.000137792,    0.040603
 0.000137796,    0.040603
   0.0001378,    0.040402
 0.000137804,    0.040402
 0.000137808,        0.04
 0.000137812,        0.04
 0.000137816,    0.039799
  0.00013782,    0.039598
 0.000137824,    0.039397
 0.000137828,    0.039196
 0.000137832,    0.039196
 0.000137836,    0.038995
  0.00013784,    0.038794
 0.000137844,    0.038593
 0.000137848,    0.038392
 0.000137852,    0.038191
 0.000137856,    0.038191
  0.00013786,   0.0379899
 0.000137864,   0.0377889
 0.000137868,   0.0375879
 0.000137872,   0.0375879
 0.000137876,   0.0371859
  0.00013788,   0.0369849
 0.000137884,   0.0369849
 0.000137888,   0.0367839
 0.000137892,   0.0365829
 0.000137896,   0.0363819
   0.0001379,   0.0361809
 0.000137904,   0.0359799
 0.000137908,   0.0359799
 0.000137912,   0.0357789
 0.000137916,   0.0355779
  0.00013792,   0.0351759
 0.000137924,   0.0347739
 0.000137928,   0.0347739
 0.000137932,   0.0345729
 0.000137936,   0.0343719
  0.00013794,   0.0341709
 0.000137944,   0.0339698
 0.000137948,   0.0337688
 0.000137952,   0.0333668
 0.000137956,   0.0333668
  0.00013796,   0.0331658
 0.000137964,   0.0329648
 0.000137968,   0.0327638
 0.000137972,   0.0325628
 0.000137976,   0.0321608
  0.00013798,   0.0321608
 0.000137984,   0.0319598
 0.000137988,   0.0315578
 0.000137992,   0.0313568
 0.000137996,   0.0311558
    0.000138,   0.0309548
 0.000138004,   0.0305528
 0.000138008,   0.0303518
 0.000138012,   0.0301508
 0.000138016,   0.0299497
  0.00013802,   0.0295477
 0.000138024,   0.0295477
 0.000138028,   0.0291457
 0.000138032,   0.0291457
 0.000138036,   0.0287437
  0.00013804,   0.0285427
 0.000138044,   0.0283417
 0.000138048,   0.0281407
 0.000138052,   0.0279397
 0.000138056,   0.0275377
  0.00013806,   0.0273367
 0.000138064,   0.0271357
 0.000138068,   0.0267337
 0.000138072,   0.0265327
 0.000138076,   0.0263317
  0.00013808,   0.0261307
 0.000138084,   0.0257286
 0.000138088,   0.0255276
 0.000138092,   0.0251256
 0.000138096,   0.0249246
   0.0001381,   0.0245226
 0.000138104,   0.0243216
 0.000138108,   0.0241206
 0.000138112,   0.0237186
 0.000138116,   0.0235176
  0.00013812,   0.0231156
 0.000138124,   0.0227136
 0.000138128,   0.0227136
 0.000138132,   0.0223116
 0.000138136,   0.0221106
  0.00013814,   0.0217085
 0.000138144,   0.0215075
 0.000138148,   0.0211055
 0.000138152,   0.0207035
 0.000138156,   0.0207035
  0.00013816,   0.0203015
 0.000138164,   0.0198995
 0.000138168,   0.0196985
 0.000138172,   0.0194975
 0.000138176,   0.0190955
  0.00013818,   0.0186935
 0.000138184,   0.0184925
 0.000138188,   0.0182915
 0.000138192,   0.0176884
 0.000138196,   0.0172864
   0.0001382,   0.0170854
 0.000138204,   0.0168844
 0.000138208,   0.0164824
 0.000138212,   0.0160804
 0.000138216,   0.0158794
  0.00013822,   0.0154774
 0.000138224,   0.0150754
 0.000138228,   0.0148744
 0.000138232,   0.0144724
 0.000138236,   0.0140704
  0.00013824,   0.0136683
 0.000138244,   0.0134673
 0.000138248,   0.0130653
 0.000138252,   0.0126633
 0.000138256,   0.0122613
  0.00013826,   0.0120603
 0.000138264,   0.0116583
 0.000138268,   0.0112563
 0.000138272,   0.0108543
 0.000138276,   0.0106533
  0.00013828,   0.0102513
 0.000138284,  0.00984925
 0.000138288,  0.00924623
 0.000138292,  0.00904523
 0.000138296,  0.00884422
   0.0001383,  0.00824121
 0.000138304,   0.0078392
 0.000138308,  0.00743719
 0.000138312,  0.00703518
 0.000138316,  0.00663317
  0.00013832,  0.00623116
 0.000138324,  0.00582915
 0.000138328,  0.00542714
 0.000138332,  0.00502513
 0.000138336,  0.00462312
  0.00013834,  0.00442211
 0.000138344,   0.0040201
 0.000138348,  0.00341709
 0.000138352,  0.00301508
 0.000138356,  0.00261307
  0.00013836,  0.00221106
 0.000138364,  0.00180905
 0.000138368,  0.00140704
 0.000138372,  0.00100503
 0.000138376,  0.00040201
  0.00013838, 0.000201005
 0.000138384,-0.000201005
 0.000138388, -0.00080402
 0.000138392, -0.00120603
 0.000138396, -0.00160804
   0.0001384, -0.00201005
 0.000138404, -0.00241206
 0.000138408, -0.00301508
 0.000138412, -0.00321608
 0.000138416,  -0.0038191
  0.00013842, -0.00422111
 0.000138424, -0.00462312
 0.000138428, -0.00522613
 0.000138432, -0.00562814
 0.000138436, -0.00603015
  0.00013844, -0.00663317
 0.000138444, -0.00703518
 0.000138448, -0.00743719
 0.000138452,  -0.0078392
 0.000138456, -0.00844221
  0.00013846, -0.00884422
 0.000138464, -0.00924623
 0.000138468, -0.00984925
 0.000138472,  -0.0104523
 0.000138476,  -0.0108543
  0.00013848,  -0.0112563
 0.000138484,  -0.0116583
 0.000138488,  -0.0122613
 0.000138492,  -0.0128643
 0.000138496,  -0.0132663
   0.0001385,  -0.0136683
 0.000138504,  -0.0140704
 0.000138508,  -0.0146734
 0.000138512,  -0.0150754
 0.000138516,  -0.0156784
  0.00013852,  -0.0162814
 0.000138524,  -0.0166834
 0.000138528,  -0.0172864
 0.000138532,  -0.0176884
 0.000138536,  -0.0182915
  0.00013854,  -0.0186935
 0.000138544,  -0.0192965
 0.000138548,  -0.0196985
 0.000138552,  -0.0201005
 0.000138556,  -0.0207035
  0.00013856,  -0.0213065
 0.000138564,  -0.0219095
 0.000138568,  -0.0223116
 0.000138572,  -0.0229146
 0.000138576,  -0.0235176
  0.00013858,  -0.0239196
 0.000138584,  -0.0245226
 0.000138588,  -0.0251256
 0.000138592,  -0.0255276
 0.000138596,  -0.0261307
   0.0001386,  -0.0267337
 0.000138604,  -0.0273367
 0.000138608,  -0.0277387
 0.000138612,  -0.0281407
 0.000138616,  -0.0287437
  0.00013862,  -0.0293467
 0.000138624,  -0.0297487
 0.000138628,  -0.0301508
 0.000138632,  -0.0307538
 0.000138636,  -0.0311558
  0.00013864,  -0.0317588
 0.000138644,  -0.0321608
 0.000138648,  -0.0327638
 0.000138652,  -0.0331658
 0.000138656,  -0.0335678
  0.00013866,  -0.0343719
 0.000138664,  -0.0347739
 0.000138668,  -0.0353769
 0.000138672,  -0.0359799
 0.000138676,  -0.0363819
  0.00013868,  -0.0369849
 0.000138684,  -0.0375879
 0.000138688,  -0.0379899
 0.000138692,   -0.038392
 0.000138696,   -0.038995
   0.0001387,   -0.039598
 0.000138704,       -0.04
 0.000138708,   -0.040603
 0.000138712,   -0.041206
 0.000138716,   -0.041809
  0.00013872,  -0.0422111
 0.000138724,  -0.0426131
 0.000138728,  -0.0434171
 0.000138732,  -0.0438191
 0.000138736,  -0.0442211
  0.00013874,  -0.0448241
 0.000138744,  -0.0454271
 0.000138748,  -0.0458291
 0.000138752,  -0.0462312
 0.000138756,  -0.0468342
  0.00013876,  -0.0474372
 0.000138764,  -0.0478392
 0.000138768,  -0.0484422
 0.000138772,  -0.0490452
 0.000138776,  -0.0494472
  0.00013878,  -0.0498492
 0.000138784,  -0.0504523
 0.000138788,  -0.0510553
 0.000138792,  -0.0514573
 0.000138796,  -0.0518593
   0.0001388,  -0.0522613
 0.000138804,  -0.0526633
 0.000138808,  -0.0532663
 0.000138812,  -0.0538693
 0.000138816,  -0.0540703
  0.00013882,  -0.0546734
 0.000138824,  -0.0550754
 0.000138828,  -0.0556784
 0.000138832,  -0.0560804
 0.000138836,  -0.0564824
  0.00013884,  -0.0570854
 0.000138844,  -0.0574874
 0.000138848,  -0.0578894
 0.000138852,  -0.0584925
 0.000138856,  -0.0588945
  0.00013886,  -0.0592965
 0.000138864,  -0.0598995
 0.000138868,  -0.0601005
 0.000138872,  -0.0607035
 0.000138876,  -0.0611055
  0.00013888,  -0.0615075
 0.000138884,  -0.0619095
 0.000138888,  -0.0623116
 0.000138892,  -0.0627136
 0.000138896,  -0.0631156
   0.0001389,  -0.0635176
 0.000138904,  -0.0641206
 0.000138908,  -0.0643216
 0.000138912,  -0.0647236
 0.000138916,  -0.0653266
  0.00013892,  -0.0657286
 0.000138924,  -0.0661307
 0.000138928,  -0.0665327
 0.000138932,  -0.0669347
 0.000138936,  -0.0673367
  0.00013894,  -0.0677387
 0.000138944,  -0.0681407
 0.000138948,  -0.0685427
 0.000138952,  -0.0687437
 0.000138956,  -0.0691457
  0.00013896,  -0.0695477
 0.000138964,  -0.0699497
 0.000138968,  -0.0703518
 0.000138972,  -0.0707538
 0.000138976,  -0.0709548
  0.00013898,  -0.0713568
 0.000138984,  -0.0717588
 0.000138988,  -0.0721608
 0.000138992,  -0.0725628
 0.000138996,  -0.0727638
    0.000139,  -0.0731658
 0.000139004,  -0.0733668
 0.000139008,  -0.0739698
 0.000139012,  -0.0743719
 0.000139016,  -0.0743719
  0.00013902,  -0.0747739
 0.000139024,  -0.0751759
 0.000139028,  -0.0753769
 0.000139032,  -0.0757789
 0.000139036,  -0.0761809
  0.00013904,  -0.0763819
 0.000139044,  -0.0765829
 0.000139048,  -0.0769849
 0.000139052,  -0.0773869
 0.000139056,  -0.0775879
  0.00013906,  -0.0777889
 0.000139064,   -0.078191
 0.000139068,   -0.078392
 0.000139072,   -0.078794
 0.000139076,   -0.078995
  0.00013908,   -0.079397
 0.000139084,   -0.079598
 0.000139088,   -0.079799
 0.000139092,       -0.08
 0.000139096,   -0.080402
   0.0001391,   -0.080603
 0.000139104,   -0.081005
 0.000139108,   -0.081206
 0.000139112,   -0.081407
 0.000139116,   -0.081608
  0.00013912,    -0.08201
 0.000139124,  -0.0822111
 0.000139128,  -0.0824121
 0.000139132,  -0.0828141
 0.000139136,  -0.0830151
  0.00013914,  -0.0830151
 0.000139144,  -0.0832161
 0.000139148,  -0.0836181
 0.000139152,  -0.0838191
 0.000139156,  -0.0840201
  0.00013916,  -0.0842211
 0.000139164,  -0.0844221
 0.000139168,  -0.0846231
 0.000139172,  -0.0848241
 0.000139176,  -0.0850251
  0.00013918,  -0.0852261
 0.000139184,  -0.0854271
 0.000139188,  -0.0856281
 0.000139192,  -0.0858291
 0.000139196,  -0.0858291
   0.0001392,  -0.0860301
 0.000139204,  -0.0864322
 0.000139208,  -0.0864322
 0.000139212,  -0.0866332
 0.000139216,  -0.0866332
  0.00013922,  -0.0870352
 0.000139224,  -0.0870352
 0.000139228,  -0.0872362
 0.000139232,  -0.0874372
 0.000139236,  -0.0874372
  0.00013924,  -0.0876382
 0.000139244,  -0.0878392
 0.000139248,  -0.0880402
 0.000139252,  -0.0880402
 0.000139256,  -0.0880402
  0.00013926,  -0.0882412
 0.000139264,  -0.0884422
 0.000139268,  -0.0882412
 0.000139272,  -0.0884422
 0.000139276,  -0.0886432
  0.00013928,  -0.0886432
 0.000139284,  -0.0886432
 0.000139288,  -0.0888442
 0.000139292,  -0.0890452
 0.000139296,  -0.0890452
   0.0001393,  -0.0890452
 0.000139304,  -0.0892462
 0.000139308,  -0.0894472
 0.000139312,  -0.0892462
 0.000139316,  -0.0894472
  0.00013932,  -0.0898492
 0.000139324,  -0.0898492
 0.000139328,  -0.0898492
 0.000139332,  -0.0898492
 0.000139336,  -0.0900503
  0.00013934,  -0.0902513
 0.000139344,  -0.0902513
 0.000139348,  -0.0902513
 0.000139352,  -0.0902513
 0.000139356,  -0.0902513
  0.00013936,  -0.0904523
 0.000139364,  -0.0904523
 0.000139368,  -0.0904523
 0.000139372,  -0.0906533
 0.000139376,  -0.0906533
  0.00013938,  -0.0906533
 0.000139384,  -0.0906533
 0.000139388,  -0.0906533
 0.000139392,  -0.0906533
 0.000139396,  -0.0906533
   0.0001394,  -0.0908543
 0.000139404,  -0.0908543
 0.000139408,  -0.0908543
 0.000139412,  -0.0908543
 0.000139416,  -0.0908543
  0.00013942,  -0.0910553
 0.000139424,  -0.0908543
 0.000139428,  -0.0908543
 0.000139432,  -0.0908543
 0.000139436,  -0.0908543
  0.00013944,  -0.0908543
 0.000139444,  -0.0910553
 0.000139448,  -0.0908543
 0.000139452,  -0.0908543
 0.000139456,  -0.0908543
  0.00013946,  -0.0908543
 0.000139464,  -0.0908543
 0.000139468,  -0.0908543
 0.000139472,  -0.0908543
 0.000139476,  -0.0910553
  0.00013948,  -0.0908543
 0.000139484,  -0.0908543
 0.000139488,  -0.0908543
 0.000139492,  -0.0908543
 0.000139496,  -0.0908543
   0.0001395,  -0.0908543
 0.000139504,  -0.0908543
 0.000139508,  -0.0908543
 0.000139512,  -0.0906533
 0.000139516,  -0.0908543
  0.00013952,  -0.0908543
 0.000139524,  -0.0906533
 0.000139528,  -0.0906533
 0.000139532,  -0.0906533
 0.000139536,  -0.0904523
  0.00013954,  -0.0904523
 0.000139544,  -0.0906533
 0.000139548,  -0.0904523
 0.000139552,  -0.0902513
 0.000139556,  -0.0904523
  0.00013956,  -0.0902513
 0.000139564,  -0.0900503
 0.000139568,  -0.0900503
 0.000139572,  -0.0902513
 0.000139576,  -0.0900503
  0.00013958,  -0.0900503
 0.000139584,  -0.0900503
 0.000139588,  -0.0900503
 0.000139592,  -0.0898492
 0.000139596,  -0.0896482
   0.0001396,  -0.0896482
 0.000139604,  -0.0896482
 0.000139608,  -0.0894472
 0.000139612,  -0.0896482
 0.000139616,  -0.0894472
  0.00013962,  -0.0892462
 0.000139624,  -0.0894472
 0.000139628,  -0.0892462
 0.000139632,  -0.0890452
 0.000139636,  -0.0890452
  0.00013964,  -0.0890452
 0.000139644,  -0.0890452
 0.000139648,  -0.0888442
 0.000139652,  -0.0890452
 0.000139656,  -0.0888442
  0.00013966,  -0.0886432
 0.000139664,  -0.0886432
 0.000139668,  -0.0886432
 0.000139672,  -0.0886432
 0.000139676,  -0.0884422
  0.00013968,  -0.0882412
 0.000139684,  -0.0882412
 0.000139688,  -0.0880402
 0.000139692,  -0.0880402
 0.000139696,  -0.0880402
   0.0001397,  -0.0878392
 0.000139704,  -0.0874372
 0.000139708,  -0.0874372
 0.000139712,  -0.0874372
 0.000139716,  -0.0874372
  0.00013972,  -0.0872362
 0.000139724,  -0.0870352
 0.000139728,  -0.0870352
 0.000139732,  -0.0868342
 0.000139736,  -0.0868342
  0.00013974,  -0.0868342
 0.000139744,  -0.0866332
 0.000139748,  -0.0864322
 0.000139752,  -0.0864322
 0.000139756,  -0.0862312
  0.00013976,  -0.0860301
 0.000139764,  -0.0860301
 0.000139768,  -0.0860301
 0.000139772,  -0.0858291
 0.000139776,  -0.0856281
  0.00013978,  -0.0856281
 0.000139784,  -0.0856281
 0.000139788,  -0.0854271
 0.000139792,  -0.0852261
 0.000139796,  -0.0852261
   0.0001398,  -0.0850251
 0.000139804,  -0.0850251
 0.000139808,  -0.0846231
 0.000139812,  -0.0846231
 0.000139816,  -0.0844221
  0.00013982,  -0.0842211
 0.000139824,  -0.0840201
 0.000139828,  -0.0838191
 0.000139832,  -0.0838191
 0.000139836,  -0.0836181
  0.00013984,  -0.0834171
 0.000139844,  -0.0832161
 0.000139848,  -0.0830151
 0.000139852,  -0.0828141
 0.000139856,  -0.0828141
  0.00013986,  -0.0826131
 0.000139864,  -0.0824121
 0.000139868,  -0.0822111
 0.000139872,    -0.08201
 0.000139876,    -0.08201
  0.00013988,   -0.081809
 0.000139884,   -0.081407
 0.000139888,   -0.081407
 0.000139892,   -0.081005
 0.000139896,   -0.081005
   0.0001399,   -0.080603
 0.000139904,   -0.080402
 0.000139908,   -0.080402
 0.000139912,   -0.080201
 0.000139916,       -0.08
  0.00013992,   -0.079799
 0.000139924,   -0.079598
 0.000139928,   -0.079397
 0.000139932,   -0.079196
 0.000139936,   -0.078995
  0.00013994,   -0.078995
 0.000139944,   -0.078593
 0.000139948,   -0.078392
 0.000139952,   -0.078191
 0.000139956,    -0.07799
  0.00013996,  -0.0777889
 0.000139964,  -0.0775879
 0.000139968,  -0.0773869
 0.000139972,  -0.0769849
 0.000139976,  -0.0765829
  0.00013998,  -0.0765829
 0.000139984,  -0.0763819
 0.000139988,  -0.0759799
 0.000139992,  -0.0757789
 0.000139996,  -0.0755779
     0.00014,  -0.0753769
 0.000140004,  -0.0751759
 0.000140008,  -0.0747739
 0.000140012,  -0.0745729
 0.000140016,  -0.0741709
  0.00014002,  -0.0739698
 0.000140024,  -0.0737688
 0.000140028,  -0.0733668
 0.000140032,  -0.0731658
 0.000140036,  -0.0731658
  0.00014004,  -0.0727638
 0.000140044,  -0.0723618
 0.000140048,  -0.0721608
 0.000140052,  -0.0719598
 0.000140056,  -0.0717588
  0.00014006,  -0.0713568
 0.000140064,  -0.0711558
 0.000140068,  -0.0709548
 0.000140072,  -0.0705528
 0.000140076,  -0.0703518
  0.00014008,  -0.0701508
 0.000140084,  -0.0697487
 0.000140088,  -0.0695477
 0.000140092,  -0.0693467
 0.000140096,  -0.0689447
   0.0001401,  -0.0685427
 0.000140104,  -0.0681407
 0.000140108,  -0.0679397
 0.000140112,  -0.0675377
 0.000140116,  -0.0673367
  0.00014012,  -0.0669347
 0.000140124,  -0.0665327
 0.000140128,  -0.0663317
 0.000140132,  -0.0659297
 0.000140136,  -0.0657286
  0.00014014,  -0.0653266
 0.000140144,  -0.0651256
 0.000140148,  -0.0647236
 0.000140152,  -0.0645226
 0.000140156,  -0.0639196
  0.00014016,  -0.0637186
 0.000140164,  -0.0633166
 0.000140168,  -0.0631156
 0.000140172,  -0.0627136
 0.000140176,  -0.0623116
  0.00014018,  -0.0619095
 0.000140184,  -0.0615075
 0.000140188,  -0.0611055
 0.000140192,  -0.0609045
 0.000140196,  -0.0605025
   0.0001402,  -0.0601005
 0.000140204,  -0.0596985
 0.000140208,  -0.0592965
 0.000140212,  -0.0590955
 0.000140216,  -0.0588945
  0.00014022,  -0.0582915
 0.000140224,  -0.0578894
 0.000140228,  -0.0574874
 0.000140232,  -0.0570854
 0.000140236,  -0.0566834
  0.00014024,  -0.0562814
 0.000140244,  -0.0560804
 0.000140248,  -0.0554774
 0.000140252,  -0.0550754
 0.000140256,  -0.0548744
  0.00014026,  -0.0542714
 0.000140264,  -0.0538693
 0.000140268,  -0.0536683
 0.000140272,  -0.0532663
 0.000140276,  -0.0526633
  0.00014028,  -0.0522613
 0.000140284,  -0.0518593
 0.000140288,  -0.0516583
 0.000140292,  -0.0510553
 0.000140296,  -0.0506533
   0.0001403,  -0.0502513
 0.000140304,  -0.0496482
 0.000140308,  -0.0492462
 0.000140312,  -0.0488442
 0.000140316,  -0.0484422
  0.00014032,  -0.0480402
 0.000140324,  -0.0476382
 0.000140328,  -0.0472362
 0.000140332,  -0.0468342
 0.000140336,  -0.0464322
  0.00014034,  -0.0458291
 0.000140344,  -0.0454271
 0.000140348,  -0.0450251
 0.000140352,  -0.0446231
 0.000140356,  -0.0440201
  0.00014036,  -0.0436181
 0.000140364,  -0.0432161
 0.000140368,  -0.0426131
 0.000140372,  -0.0422111
 0.000140376,   -0.041809
  0.00014038,   -0.041407
 0.000140384,   -0.041005
 0.000140388,   -0.040603
 0.000140392,       -0.04
 0.000140396,   -0.039598
   0.0001404,   -0.039196
 0.000140404,   -0.038593
 0.000140408,   -0.038191
 0.000140412,  -0.0377889
 0.000140416,  -0.0373869
  0.00014042,  -0.0367839
 0.000140424,  -0.0363819
 0.000140428,  -0.0359799
 0.000140432,  -0.0353769
 0.000140436,  -0.0349749
  0.00014044,  -0.0345729
 0.000140444,  -0.0341709
 0.000140448,  -0.0337688
 0.000140452,  -0.0331658
 0.000140456,  -0.0327638
  0.00014046,  -0.0321608
 0.000140464,  -0.0317588
 0.000140468,  -0.0313568
 0.000140472,  -0.0309548
 0.000140476,  -0.0305528
  0.00014048,  -0.0299497
 0.000140484,  -0.0295477
 0.000140488,  -0.0291457
 0.000140492,  -0.0287437
 0.000140496,  -0.0283417
   0.0001405,  -0.0277387
 0.000140504,  -0.0273367
 0.000140508,  -0.0267337
 0.000140512,  -0.0263317
 0.000140516,  -0.0259296
  0.00014052,  -0.0255276
 0.000140524,  -0.0251256
 0.000140528,  -0.0245226
 0.000140532,  -0.0241206
 0.000140536,  -0.0235176
  0.00014054,  -0.0233166
 0.000140544,  -0.0227136
 0.000140548,  -0.0221106
 0.000140552,  -0.0219095
 0.000140556,  -0.0215075
  0.00014056,  -0.0209045
 0.000140564,  -0.0205025
 0.000140568,  -0.0201005
 0.000140572,  -0.0194975
 0.000140576,  -0.0190955
  0.00014058,  -0.0186935
 0.000140584,  -0.0182915
 0.000140588,  -0.0176884
 0.000140592,  -0.0170854
 0.000140596,  -0.0168844
   0.0001406,  -0.0164824
 0.000140604,  -0.0158794
 0.000140608,  -0.0152764
 0.000140612,  -0.0148744
 0.000140616,  -0.0146734
  0.00014062,  -0.0140704
 0.000140624,  -0.0136683
 0.000140628,  -0.0132663
 0.000140632,  -0.0126633
 0.000140636,  -0.0122613
  0.00014064,  -0.0120603
 0.000140644,  -0.0116583
 0.000140648,  -0.0110553
 0.000140652,  -0.0106533
 0.000140656,  -0.0104523
  0.00014066, -0.00984925
 0.000140664, -0.00944724
 0.000140668, -0.00904523
 0.000140672, -0.00864322
 0.000140676, -0.00824121
  0.00014068,  -0.0078392
 0.000140684, -0.00743719
 0.000140688, -0.00703518
 0.000140692, -0.00663317
 0.000140696, -0.00603015
   0.0001407, -0.00562814
 0.000140704, -0.00542714
 0.000140708, -0.00502513
 0.000140712, -0.00442211
 0.000140716,  -0.0040201
  0.00014072,  -0.0038191
 0.000140724, -0.00321608
 0.000140728, -0.00281407
 0.000140732, -0.00261307
 0.000140736, -0.00221106
  0.00014074, -0.00180905
 0.000140744, -0.00140704
 0.000140748, -0.00100503
 0.000140752,-0.000603015
 0.000140756,-0.000201005
  0.00014076, 0.000201005
 0.000140764,  0.00040201
 0.000140768,  0.00100503
 0.000140772,  0.00140704
 0.000140776,  0.00160804
  0.00014078,  0.00201005
 0.000140784,  0.00241206
 0.000140788,  0.00281407
 0.000140792,  0.00321608
 0.000140796,  0.00361809
   0.0001408,   0.0038191
 0.000140804,  0.00422111
 0.000140808,  0.00482412
 0.000140812,  0.00502513
 0.000140816,  0.00542714
  0.00014082,  0.00582915
 0.000140824,  0.00603015
 0.000140828,  0.00643216
 0.000140832,  0.00683417
 0.000140836,  0.00743719
  0.00014084,  0.00763819
 0.000140844,   0.0080402
 0.000140848,  0.00824121
 0.000140852,  0.00864322
 0.000140856,  0.00904523
  0.00014086,  0.00944724
 0.000140864,  0.00964824
 0.000140868,  0.00984925
 0.000140872,   0.0100503
 0.000140876,   0.0104523
  0.00014088,   0.0108543
 0.000140884,   0.0114573
 0.000140888,   0.0114573
 0.000140892,   0.0116583
 0.000140896,   0.0122613
   0.0001409,   0.0126633
 0.000140904,   0.0128643
 0.000140908,   0.0130653
 0.000140912,   0.0134673
 0.000140916,   0.0136683
  0.00014092,   0.0138693
 0.000140924,   0.0142714
 0.000140928,   0.0146734
 0.000140932,   0.0148744
 0.000140936,   0.0152764
  0.00014094,   0.0154774
 0.000140944,   0.0158794
 0.000140948,   0.0162814
 0.000140952,   0.0164824
 0.000140956,   0.0168844
  0.00014096,   0.0170854
 0.000140964,   0.0172864
 0.000140968,   0.0176884
 0.000140972,   0.0178894
 0.000140976,   0.0180905
  0.00014098,   0.0184925
 0.000140984,   0.0186935
 0.000140988,   0.0190955
 0.000140992,   0.0192965
 0.000140996,   0.0196985
    0.000141,   0.0198995
 0.000141004,   0.0198995
 0.000141008,   0.0203015
 0.000141012,   0.0205025
 0.000141016,   0.0207035
  0.00014102,   0.0209045
 0.000141024,   0.0213065
 0.000141028,   0.0215075
 0.000141032,   0.0217085
 0.000141036,   0.0219095
  0.00014104,   0.0223116
 0.000141044,   0.0225126
 0.000141048,   0.0227136
 0.000141052,   0.0229146
 0.000141056,   0.0231156
  0.00014106,   0.0233166
 0.000141064,   0.0235176
 0.000141068,   0.0235176
 0.000141072,   0.0239196
 0.000141076,   0.0241206
  0.00014108,   0.0241206
 0.000141084,   0.0243216
 0.000141088,   0.0245226
 0.000141092,   0.0249246
 0.000141096,   0.0251256
   0.0001411,   0.0253266
 0.000141104,   0.0255276
 0.000141108,   0.0257286
 0.000141112,   0.0257286
 0.000141116,   0.0261307
  0.00014112,   0.0263317
 0.000141124,   0.0265327
 0.000141128,   0.0265327
 0.000141132,   0.0265327
 0.000141136,   0.0269347
  0.00014114,   0.0271357
 0.000141144,   0.0271357
 0.000141148,   0.0273367
 0.000141152,   0.0277387
 0.000141156,   0.0277387
  0.00014116,   0.0279397
 0.000141164,   0.0281407
 0.000141168,   0.0283417
 0.000141172,   0.0285427
 0.000141176,   0.0285427
  0.00014118,   0.0287437
 0.000141184,   0.0289447
 0.000141188,   0.0289447
 0.000141192,   0.0291457
 0.000141196,   0.0293467
   0.0001412,   0.0295477
 0.000141204,   0.0295477
 0.000141208,   0.0295477
 0.000141212,   0.0297487
 0.000141216,   0.0299497
  0.00014122,   0.0301508
 0.000141224,   0.0301508
 0.000141228,   0.0299497
 0.000141232,   0.0303518
 0.000141236,   0.0305528
  0.00014124,   0.0305528
 0.000141244,   0.0305528
 0.000141248,   0.0307538
 0.000141252,   0.0309548
 0.000141256,   0.0309548
  0.00014126,   0.0309548
 0.000141264,   0.0311558
 0.000141268,   0.0311558
 0.000141272,   0.0311558
 0.000141276,   0.0313568
  0.00014128,   0.0313568
 0.000141284,   0.0313568
 0.000141288,   0.0313568
 0.000141292,   0.0315578
 0.000141296,   0.0317588
   0.0001413,   0.0317588
 0.000141304,   0.0317588
 0.000141308,   0.0319598
 0.000141312,   0.0319598
 0.000141316,   0.0319598
  0.00014132,   0.0319598
 0.000141324,   0.0321608
 0.000141328,   0.0319598
 0.000141332,   0.0319598
 0.000141336,   0.0321608
  0.00014134,   0.0323618
 0.000141344,   0.0323618
 0.000141348,   0.0323618
 0.000141352,   0.0321608
 0.000141356,   0.0323618
  0.00014136,   0.0323618
 0.000141364,   0.0323618
 0.000141368,   0.0323618
 0.000141372,   0.0323618
 0.000141376,   0.0323618
  0.00014138,   0.0323618
 0.000141384,   0.0323618
 0.000141388,   0.0325628
 0.000141392,   0.0325628
 0.000141396,   0.0323618
   0.0001414,   0.0323618
 0.000141404,   0.0325628
 0.000141408,   0.0323618
 0.000141412,   0.0323618
 0.000141416,   0.0325628
  0.00014142,   0.0323618
 0.000141424,   0.0321608
 0.000141428,   0.0321608
 0.000141432,   0.0323618
 0.000141436,   0.0321608
  0.00014144,   0.0321608
 0.000141444,   0.0323618
 0.000141448,   0.0321608
 0.000141452,   0.0321608
 0.000141456,   0.0321608
  0.00014146,   0.0321608
 0.000141464,   0.0319598
 0.000141468,   0.0319598
 0.000141472,   0.0319598
 0.000141476,   0.0319598
  0.00014148,   0.0317588
 0.000141484,   0.0317588
 0.000141488,   0.0317588
 0.000141492,   0.0317588
 0.000141496,   0.0317588
   0.0001415,   0.0315578
 0.000141504,   0.0315578
 0.000141508,   0.0315578
 0.000141512,   0.0313568
 0.000141516,   0.0313568
  0.00014152,   0.0313568
 0.000141524,   0.0311558
 0.000141528,   0.0311558
 0.000141532,   0.0311558
 0.000141536,   0.0309548
  0.00014154,   0.0309548
 0.000141544,   0.0309548
 0.000141548,   0.0309548
 0.000141552,   0.0305528
 0.000141556,   0.0305528
  0.00014156,   0.0305528
 0.000141564,   0.0305528
 0.000141568,   0.0303518
 0.000141572,   0.0303518
 0.000141576,   0.0303518
  0.00014158,   0.0301508
 0.000141584,   0.0303518
 0.000141588,   0.0301508
 0.000141592,   0.0299497
 0.000141596,   0.0297487
   0.0001416,   0.0297487
 0.000141604,   0.0297487
 0.000141608,   0.0295477
 0.000141612,   0.0295477
 0.000141616,   0.0295477
  0.00014162,   0.0293467
 0.000141624,   0.0291457
 0.000141628,   0.0291457
 0.000141632,   0.0289447
 0.000141636,   0.0287437
  0.00014164,   0.0287437
 0.000141644,   0.0287437
 0.000141648,   0.0285427
 0.000141652,   0.0283417
 0.000141656,   0.0285427
  0.00014166,   0.0283417
 0.000141664,   0.0281407
 0.000141668,   0.0281407
 0.000141672,   0.0281407
 0.000141676,   0.0281407
  0.00014168,   0.0279397
 0.000141684,   0.0279397
 0.000141688,   0.0277387
 0.000141692,   0.0275377
 0.000141696,   0.0275377
   0.0001417,   0.0275377
 0.000141704,   0.0273367
 0.000141708,   0.0271357
 0.000141712,   0.0271357
 0.000141716,   0.0271357
  0.00014172,   0.0269347
 0.000141724,   0.0267337
 0.000141728,   0.0269347
 0.000141732,   0.0267337
 0.000141736,   0.0265327
  0.00014174,   0.0263317
 0.000141744,   0.0263317
 0.000141748,   0.0263317
 0.000141752,   0.0261307
 0.000141756,   0.0261307
  0.00014176,   0.0261307
 0.000141764,   0.0259296
 0.000141768,   0.0259296
 0.000141772,   0.0257286
 0.000141776,   0.0257286
  0.00014178,   0.0257286
 0.000141784,   0.0257286
 0.000141788,   0.0253266
 0.000141792,   0.0253266
 0.000141796,   0.0253266
   0.0001418,   0.0253266
 0.000141804,   0.0251256
 0.000141808,   0.0251256
 0.000141812,   0.0251256
 0.000141816,   0.0249246
  0.00014182,   0.0249246
 0.000141824,   0.0249246
 0.000141828,   0.0247236
 0.000141832,   0.0247236
 0.000141836,   0.0247236
  0.00014184,   0.0245226
 0.000141844,   0.0247236
 0.000141848,   0.0245226
 0.000141852,   0.0245226
 0.000141856,   0.0245226
  0.00014186,   0.0243216
 0.000141864,   0.0243216
 0.000141868,   0.0243216
 0.000141872,   0.0243216
 0.000141876,   0.0243216
  0.00014188,   0.0241206
 0.000141884,   0.0241206
 0.000141888,   0.0241206
 0.000141892,   0.0241206
 0.000141896,   0.0241206
   0.0001419,   0.0239196
 0.000141904,   0.0239196
 0.000141908,   0.0239196
 0.000141912,   0.0239196
 0.000141916,   0.0237186
  0.00014192,   0.0239196
 0.000141924,   0.0237186
 0.000141928,   0.0237186
 0.000141932,   0.0237186
 0.000141936,   0.0237186
  0.00014194,   0.0237186
 0.000141944,   0.0237186
 0.000141948,   0.0239196
 0.000141952,   0.0239196
 0.000141956,   0.0237186
  0.00014196,   0.0237186
 0.000141964,   0.0239196
 0.000141968,   0.0239196
 0.000141972,   0.0237186
 0.000141976,   0.0237186
  0.00014198,   0.0239196
 0.000141984,   0.0239196
 0.000141988,   0.0239196
 0.000141992,   0.0239196
 0.000141996,   0.0239196
    0.000142,   0.0239196
 0.000142004,   0.0239196
 0.000142008,   0.0241206
 0.000142012,   0.0243216
 0.000142016,   0.0241206
  0.00014202,   0.0241206
 0.000142024,   0.0241206
 0.000142028,   0.0243216
 0.000142032,   0.0243216
 0.000142036,   0.0243216
  0.00014204,   0.0243216
 0.000142044,   0.0245226
 0.000142048,   0.0245226
 0.000142052,   0.0245226
 0.000142056,   0.0247236
  0.00014206,   0.0247236
 0.000142064,   0.0247236
 0.000142068,   0.0247236
 0.000142072,   0.0249246
 0.000142076,   0.0251256
  0.00014208,   0.0251256
 0.000142084,   0.0251256
 0.000142088,   0.0253266
 0.000142092,   0.0253266
 0.000142096,   0.0253266
   0.0001421,   0.0255276
 0.000142104,   0.0255276
 0.000142108,   0.0257286
 0.000142112,   0.0257286
 0.000142116,   0.0257286
  0.00014212,   0.0259296
 0.000142124,   0.0261307
 0.000142128,   0.0261307
 0.000142132,   0.0263317
 0.000142136,   0.0265327
  0.00014214,   0.0265327
 0.000142144,   0.0265327
 0.000142148,   0.0267337
 0.000142152,   0.0269347
 0.000142156,   0.0269347
  0.00014216,   0.0269347
 0.000142164,   0.0271357
 0.000142168,   0.0271357
 0.000142172,   0.0273367
 0.000142176,   0.0273367
  0.00014218,   0.0275377
 0.000142184,   0.0275377
 0.000142188,   0.0277387
 0.000142192,   0.0279397
 0.000142196,   0.0281407
   0.0001422,   0.0279397
 0.000142204,   0.0281407
 0.000142208,   0.0285427
 0.000142212,   0.0287437
 0.000142216,   0.0289447
  0.00014222,   0.0289447
 0.000142224,   0.0289447
 0.000142228,   0.0291457
 0.000142232,   0.0295477
 0.000142236,   0.0297487
  0.00014224,   0.0297487
 0.000142244,   0.0299497
 0.000142248,   0.0301508
 0.000142252,   0.0301508
 0.000142256,   0.0303518
  0.00014226,   0.0305528
 0.000142264,   0.0307538
 0.000142268,   0.0307538
 0.000142272,   0.0309548
 0.000142276,   0.0311558
  0.00014228,   0.0313568
 0.000142284,   0.0313568
 0.000142288,   0.0317588
 0.000142292,   0.0317588
 0.000142296,   0.0317588
   0.0001423,   0.0319598
 0.000142304,   0.0321608
 0.000142308,   0.0323618
 0.000142312,   0.0325628
 0.000142316,   0.0327638
  0.00014232,   0.0329648
 0.000142324,   0.0331658
 0.000142328,   0.0331658
 0.000142332,   0.0333668
 0.000142336,   0.0335678
  0.00014234,   0.0337688
 0.000142344,   0.0339698
 0.000142348,   0.0341709
 0.000142352,   0.0343719
 0.000142356,   0.0343719
  0.00014236,   0.0345729
 0.000142364,   0.0347739
 0.000142368,   0.0349749
 0.000142372,   0.0351759
 0.000142376,   0.0353769
  0.00014238,   0.0355779
 0.000142384,   0.0355779
 0.000142388,   0.0357789
 0.000142392,   0.0359799
 0.000142396,   0.0361809
   0.0001424,   0.0363819
 0.000142404,   0.0365829
 0.000142408,   0.0367839
 0.000142412,   0.0369849
 0.000142416,   0.0371859
  0.00014242,   0.0371859
 0.000142424,   0.0373869
 0.000142428,   0.0377889
 0.000142432,   0.0377889
 0.000142436,   0.0379899
  0.00014244,    0.038191
 0.000142444,    0.038392
 0.000142448,    0.038593
 0.000142452,    0.038794
 0.000142456,    0.038995
  0.00014246,    0.038995
 0.000142464,    0.039196
 0.000142468,    0.039397
 0.000142472,    0.039598
 0.000142476,    0.039799
  0.00014248,        0.04
 0.000142484,    0.040201
 0.000142488,    0.040402
 0.000142492,    0.040402
 0.000142496,    0.040603
   0.0001425,    0.040804
 0.000142504,    0.041005
 0.000142508,    0.041005
 0.000142512,    0.041206
 0.000142516,    0.041407
  0.00014252,    0.041407
 0.000142524,    0.041608
 0.000142528,   0.0420101
 0.000142532,   0.0420101
 0.000142536,   0.0420101
  0.00014254,   0.0422111
 0.000142544,   0.0424121
 0.000142548,   0.0424121
 0.000142552,   0.0428141
 0.000142556,   0.0430151
  0.00014256,   0.0430151
 0.000142564,   0.0430151
 0.000142568,   0.0434171
 0.000142572,   0.0436181
 0.000142576,   0.0436181
  0.00014258,   0.0438191
 0.000142584,   0.0440201
 0.000142588,   0.0442211
 0.000142592,   0.0444221
 0.000142596,   0.0446231
   0.0001426,   0.0446231
 0.000142604,   0.0446231
 0.000142608,   0.0450251
 0.000142612,   0.0452261
 0.000142616,   0.0454271
  0.00014262,   0.0452261
 0.000142624,   0.0454271
 0.000142628,   0.0458291
 0.000142632,   0.0458291
 0.000142636,   0.0460301
  0.00014264,   0.0460301
 0.000142644,   0.0462312
 0.000142648,   0.0462312
 0.000142652,   0.0466332
 0.000142656,   0.0466332
  0.00014266,   0.0466332
 0.000142664,   0.0468342
 0.000142668,   0.0470352
 0.000142672,   0.0472362
 0.000142676,   0.0472362
  0.00014268,   0.0474372
 0.000142684,   0.0474372
 0.000142688,   0.0476382
 0.000142692,   0.0478392
 0.000142696,   0.0478392
   0.0001427,   0.0480402
 0.000142704,   0.0482412
 0.000142708,   0.0482412
 0.000142712,   0.0484422
 0.000142716,   0.0484422
  0.00014272,   0.0486432
 0.000142724,   0.0488442
 0.000142728,   0.0490452
 0.000142732,   0.0490452
 0.000142736,   0.0492462
  0.00014274,   0.0494472
 0.000142744,   0.0496482
 0.000142748,   0.0496482
 0.000142752,   0.0498492
 0.000142756,   0.0500503
  0.00014276,   0.0500503
 0.000142764,   0.0502513
 0.000142768,   0.0502513
 0.000142772,   0.0502513
 0.000142776,   0.0504523
  0.00014278,   0.0506533
 0.000142784,   0.0506533
 0.000142788,   0.0506533
 0.000142792,   0.0508543
 0.000142796,   0.0510553
   0.0001428,   0.0510553
 0.000142804,   0.0510553
 0.000142808,   0.0512563
 0.000142812,   0.0514573
 0.000142816,   0.0514573
  0.00014282,   0.0516583
 0.000142824,   0.0516583
 0.000142828,   0.0518593
 0.000142832,   0.0520603
 0.000142836,   0.0522613
  0.00014284,   0.0522613
 0.000142844,   0.0522613
 0.000142848,   0.0524623
 0.000142852,   0.0524623
 0.000142856,   0.0526633
  0.00014286,   0.0526633
 0.000142864,   0.0528643
 0.000142868,   0.0530653
 0.000142872,   0.0530653
 0.000142876,   0.0532663
  0.00014288,   0.0532663
 0.000142884,   0.0534673
 0.000142888,   0.0534673
 0.000142892,   0.0536683
 0.000142896,   0.0536683
   0.0001429,   0.0536683
 0.000142904,   0.0540703
 0.000142908,   0.0540703
 0.000142912,   0.0542714
 0.000142916,   0.0542714
  0.00014292,   0.0542714
 0.000142924,   0.0544724
 0.000142928,   0.0544724
 0.000142932,   0.0546734
 0.000142936,   0.0548744
  0.00014294,   0.0548744
 0.000142944,   0.0548744
 0.000142948,   0.0548744
 0.000142952,   0.0552764
 0.000142956,   0.0554774
  0.00014296,   0.0552764
 0.000142964,   0.0554774
 0.000142968,   0.0554774
 0.000142972,   0.0556784
 0.000142976,   0.0558794
  0.00014298,   0.0558794
 0.000142984,   0.0560804
 0.000142988,   0.0560804
 0.000142992,   0.0560804
 0.000142996,   0.0562814
    0.000143,   0.0562814
 0.000143004,   0.0564824
 0.000143008,   0.0564824
 0.000143012,   0.0566834
 0.000143016,   0.0568844
  0.00014302,   0.0568844
 0.000143024,   0.0568844
 0.000143028,   0.0570854
 0.000143032,   0.0572864
 0.000143036,   0.0572864
  0.00014304,   0.0572864
 0.000143044,   0.0574874
 0.000143048,   0.0576884
 0.000143052,   0.0576884
 0.000143056,   0.0576884
  0.00014306,   0.0578894
 0.000143064,   0.0580905
 0.000143068,   0.0580905
 0.000143072,   0.0580905
 0.000143076,   0.0582915
  0.00014308,   0.0582915
 0.000143084,   0.0582915
 0.000143088,   0.0584925
 0.000143092,   0.0586935
 0.000143096,   0.0586935
   0.0001431,   0.0586935
 0.000143104,   0.0588945
 0.000143108,   0.0588945
 0.000143112,   0.0590955
 0.000143116,   0.0590955
  0.00014312,   0.0592965
 0.000143124,   0.0594975
 0.000143128,   0.0594975
 0.000143132,   0.0596985
 0.000143136,   0.0596985
  0.00014314,   0.0596985
 0.000143144,   0.0598995
 0.000143148,   0.0598995
 0.000143152,   0.0601005
 0.000143156,   0.0601005
  0.00014316,   0.0603015
 0.000143164,   0.0603015
 0.000143168,   0.0605025
 0.000143172,   0.0605025
 0.000143176,   0.0605025
  0.00014318,   0.0605025
 0.000143184,   0.0607035
 0.000143188,   0.0609045
 0.000143192,   0.0609045
 0.000143196,   0.0609045
   0.0001432,   0.0611055
 0.000143204,   0.0613065
 0.000143208,   0.0613065
 0.000143212,   0.0613065
 0.000143216,   0.0615075
  0.00014322,   0.0615075
 0.000143224,   0.0615075
 0.000143228,   0.0615075
 0.000143232,   0.0617085
 0.000143236,   0.0617085
  0.00014324,   0.0619095
 0.000143244,   0.0619095
 0.000143248,   0.0621106
 0.000143252,   0.0621106
 0.000143256,   0.0621106
  0.00014326,   0.0623116
 0.000143264,   0.0623116
 0.000143268,   0.0623116
 0.000143272,   0.0623116
 0.000143276,   0.0625126
  0.00014328,   0.0627136
 0.000143284,   0.0627136
 0.000143288,   0.0627136
 0.000143292,   0.0627136
 0.000143296,   0.0629146
   0.0001433,   0.0629146
 0.000143304,   0.0629146
 0.000143308,   0.0629146
 0.000143312,   0.0631156
 0.000143316,   0.0631156
  0.00014332,   0.0631156
 0.000143324,   0.0631156
 0.000143328,   0.0633166
 0.000143332,   0.0633166
 0.000143336,   0.0633166
  0.00014334,   0.0635176
 0.000143344,   0.0635176
 0.000143348,   0.0635176
 0.000143352,   0.0635176
 0.000143356,   0.0637186
  0.00014336,   0.0637186
 0.000143364,   0.0635176
 0.000143368,   0.0637186
 0.000143372,   0.0637186
 0.000143376,   0.0637186
  0.00014338,   0.0637186
 0.000143384,   0.0637186
 0.000143388,   0.0639196
 0.000143392,   0.0639196
 0.000143396,   0.0639196
   0.0001434,   0.0639196
 0.000143404,   0.0639196
 0.000143408,   0.0639196
 0.000143412,   0.0639196
 0.000143416,   0.0639196
  0.00014342,   0.0639196
 0.000143424,   0.0639196
 0.000143428,   0.0641206
 0.000143432,   0.0641206
 0.000143436,   0.0639196
  0.00014344,   0.0639196
 0.000143444,   0.0641206
 0.000143448,   0.0639196
 0.000143452,   0.0639196
 0.000143456,   0.0639196
  0.00014346,   0.0641206
 0.000143464,   0.0641206
 0.000143468,   0.0639196
 0.000143472,   0.0639196
 0.000143476,   0.0639196
  0.00014348,   0.0639196
 0.000143484,   0.0639196
 0.000143488,   0.0639196
 0.000143492,   0.0639196
 0.000143496,   0.0639196
   0.0001435,   0.0637186
 0.000143504,   0.0637186
 0.000143508,   0.0637186
 0.000143512,   0.0637186
 0.000143516,   0.0635176
  0.00014352,   0.0635176
 0.000143524,   0.0635176
 0.000143528,   0.0633166
 0.000143532,   0.0633166
 0.000143536,   0.0633166
  0.00014354,   0.0633166
 0.000143544,   0.0633166
 0.000143548,   0.0631156
 0.000143552,   0.0631156
 0.000143556,   0.0631156
  0.00014356,   0.0631156
 0.000143564,   0.0629146
 0.000143568,   0.0629146
 0.000143572,   0.0627136
 0.000143576,   0.0627136
  0.00014358,   0.0625126
 0.000143584,   0.0625126
 0.000143588,   0.0625126
 0.000143592,   0.0623116
 0.000143596,   0.0623116
   0.0001436,   0.0621106
 0.000143604,   0.0619095
 0.000143608,   0.0619095
 0.000143612,   0.0619095
 0.000143616,   0.0617085
  0.00014362,   0.0615075
 0.000143624,   0.0615075
 0.000143628,   0.0615075
 0.000143632,   0.0613065
 0.000143636,   0.0611055
  0.00014364,   0.0611055
 0.000143644,   0.0609045
 0.000143648,   0.0607035
 0.000143652,   0.0607035
 0.000143656,   0.0605025
  0.00014366,   0.0605025
 0.000143664,   0.0603015
 0.000143668,   0.0601005
 0.000143672,   0.0601005
 0.000143676,   0.0598995
  0.00014368,   0.0598995
 0.000143684,   0.0596985
 0.000143688,   0.0592965
 0.000143692,   0.0592965
 0.000143696,   0.0590955
   0.0001437,   0.0588945
 0.000143704,   0.0586935
 0.000143708,   0.0586935
 0.000143712,   0.0584925
 0.000143716,   0.0582915
  0.00014372,   0.0580905
 0.000143724,   0.0578894
 0.000143728,   0.0576884
 0.000143732,   0.0574874
 0.000143736,   0.0574874
  0.00014374,   0.0572864
 0.000143744,   0.0568844
 0.000143748,   0.0568844
 0.000143752,   0.0566834
 0.000143756,   0.0564824
  0.00014376,   0.0562814
 0.000143764,   0.0560804
 0.000143768,   0.0558794
 0.000143772,   0.0556784
 0.000143776,   0.0554774
  0.00014378,   0.0554774
 0.000143784,   0.0550754
 0.000143788,   0.0550754
 0.000143792,   0.0548744
 0.000143796,   0.0544724
   0.0001438,   0.0542714
 0.000143804,   0.0540703
 0.000143808,   0.0538693
 0.000143812,   0.0536683
 0.000143816,   0.0534673
  0.00014382,   0.0532663
 0.000143824,   0.0528643
 0.000143828,   0.0526633
 0.000143832,   0.0524623
 0.000143836,   0.0522613
  0.00014384,   0.0520603
 0.000143844,   0.0516583
 0.000143848,   0.0514573
 0.000143852,   0.0512563
 0.000143856,   0.0508543
  0.00014386,   0.0506533
 0.000143864,   0.0506533
 0.000143868,   0.0502513
 0.000143872,   0.0500503
 0.000143876,   0.0496482
  0.00014388,   0.0494472
 0.000143884,   0.0492462
 0.000143888,   0.0490452
 0.000143892,   0.0488442
 0.000143896,   0.0484422
   0.0001439,   0.0482412
 0.000143904,   0.0480402
 0.000143908,   0.0478392
 0.000143912,   0.0474372
 0.000143916,   0.0472362
  0.00014392,   0.0468342
 0.000143924,   0.0468342
 0.000143928,   0.0464322
 0.000143932,   0.0462312
 0.000143936,   0.0458291
  0.00014394,   0.0456281
 0.000143944,   0.0454271
 0.000143948,   0.0450251
 0.000143952,   0.0448241
 0.000143956,   0.0444221
  0.00014396,   0.0442211
 0.000143964,   0.0440201
 0.000143968,   0.0436181
 0.000143972,   0.0432161
 0.000143976,   0.0432161
  0.00014398,   0.0428141
 0.000143984,   0.0424121
 0.000143988,   0.0424121
 0.000143992,   0.0420101
 0.000143996,    0.041608
