     0.00017,-0.000753769
 0.000170004, -0.00100503
 0.000170008,-0.000753769
 0.000170012,-0.000502513
 0.000170016,-0.000628141
  0.00017002,-0.000251256
 0.000170024, 0.000125628
 0.000170028,-0.000125628
 0.000170032, 0.000125628
 0.000170036, 0.000502513
  0.00017004, 0.000502513
 0.000170044, 0.000628141
 0.000170048, 0.000879397
 0.000170052,  0.00113065
 0.000170056,  0.00100503
  0.00017006,  0.00100503
 0.000170064,  0.00175879
 0.000170068,  0.00150754
 0.000170072,  0.00125628
 0.000170076,  0.00175879
  0.00017008,  0.00201005
 0.000170084,  0.00213568
 0.000170088,  0.00188442
 0.000170092,  0.00238693
 0.000170096,  0.00251256
   0.0001701,  0.00238693
 0.000170104,  0.00276382
 0.000170108,   0.0031407
 0.000170112,  0.00288945
 0.000170116,  0.00288945
  0.00017012,  0.00339196
 0.000170124,  0.00339196
 0.000170128,  0.00364322
 0.000170132,  0.00351759
 0.000170136,  0.00389447
  0.00017014,  0.00414573
 0.000170144,   0.0040201
 0.000170148,  0.00427136
 0.000170152,  0.00439698
 0.000170156,  0.00439698
  0.00017016,  0.00477387
 0.000170164,  0.00452261
 0.000170168,   0.0048995
 0.000170172,  0.00502513
 0.000170176,   0.0048995
  0.00017018,  0.00515075
 0.000170184,  0.00540201
 0.000170188,  0.00527638
 0.000170192,  0.00527638
 0.000170196,  0.00552764
   0.0001702,  0.00603015
 0.000170204,  0.00577889
 0.000170208,  0.00577889
 0.000170212,  0.00640704
 0.000170216,  0.00628141
  0.00017022,  0.00603015
 0.000170224,  0.00678392
 0.000170228,  0.00640704
 0.000170232,  0.00653266
 0.000170236,  0.00678392
  0.00017024,  0.00703518
 0.000170244,  0.00703518
 0.000170248,  0.00653266
 0.000170252,  0.00741206
 0.000170256,  0.00728643
  0.00017026,  0.00703518
 0.000170264,  0.00741206
 0.000170268,  0.00753769
 0.000170272,  0.00753769
 0.000170276,  0.00753769
  0.00017028,  0.00791457
 0.000170284,  0.00778894
 0.000170288,  0.00791457
 0.000170292,  0.00816583
 0.000170296,  0.00829146
   0.0001703,  0.00816583
 0.000170304,  0.00841709
 0.000170308,  0.00879397
 0.000170312,  0.00841709
 0.000170316,  0.00866834
  0.00017032,  0.00879397
 0.000170324,  0.00879397
 0.000170328,  0.00879397
 0.000170332,  0.00904523
 0.000170336,  0.00917085
  0.00017034,  0.00904523
 0.000170344,  0.00917085
 0.000170348,  0.00917085
 0.000170352,  0.00942211
 0.000170356,  0.00917085
  0.00017036,  0.00929648
 0.000170364,  0.00942211
 0.000170368,  0.00954774
 0.000170372,  0.00992462
 0.000170376,  0.00942211
  0.00017038,  0.00967337
 0.000170384,  0.00992462
 0.000170388,  0.00954774
 0.000170392,   0.0100503
 0.000170396,   0.0100503
   0.0001704,  0.00992462
 0.000170404,   0.0100503
 0.000170408,   0.0100503
 0.000170412,   0.0104271
 0.000170416,   0.0100503
  0.00017042,   0.0100503
 0.000170424,   0.0106784
 0.000170428,   0.0103015
 0.000170432,   0.0101759
 0.000170436,   0.0105528
  0.00017044,   0.0105528
 0.000170444,   0.0105528
 0.000170448,   0.0105528
 0.000170452,    0.010804
 0.000170456,   0.0109296
  0.00017046,   0.0105528
 0.000170464,   0.0110553
 0.000170468,   0.0111809
 0.000170472,   0.0106784
 0.000170476,   0.0110553
  0.00017048,   0.0111809
 0.000170484,   0.0111809
 0.000170488,    0.010804
 0.000170492,   0.0111809
 0.000170496,   0.0114322
   0.0001705,    0.010804
 0.000170504,    0.010804
 0.000170508,   0.0115578
 0.000170512,   0.0114322
 0.000170516,   0.0110553
  0.00017052,   0.0111809
 0.000170524,   0.0116834
 0.000170528,   0.0114322
 0.000170532,   0.0113065
 0.000170536,   0.0115578
  0.00017054,   0.0115578
 0.000170544,   0.0114322
 0.000170548,   0.0115578
 0.000170552,   0.0116834
 0.000170556,   0.0114322
  0.00017056,   0.0115578
 0.000170564,   0.0116834
 0.000170568,   0.0116834
 0.000170572,    0.011809
 0.000170576,   0.0115578
  0.00017058,    0.011809
 0.000170584,    0.011809
 0.000170588,   0.0115578
 0.000170592,    0.011809
 0.000170596,    0.011809
   0.0001706,   0.0116834
 0.000170604,    0.011809
 0.000170608,   0.0119347
 0.000170612,   0.0119347
 0.000170616,    0.011809
  0.00017062,    0.011809
 0.000170624,   0.0120603
 0.000170628,   0.0119347
 0.000170632,    0.011809
 0.000170636,   0.0121859
  0.00017064,   0.0119347
 0.000170644,   0.0119347
 0.000170648,   0.0119347
 0.000170652,   0.0120603
 0.000170656,   0.0123116
  0.00017066,    0.011809
 0.000170664,   0.0119347
 0.000170668,   0.0123116
 0.000170672,    0.011809
 0.000170676,   0.0120603
  0.00017068,   0.0123116
 0.000170684,   0.0120603
 0.000170688,   0.0116834
 0.000170692,   0.0119347
 0.000170696,   0.0123116
   0.0001707,   0.0119347
 0.000170704,   0.0116834
 0.000170708,   0.0123116
 0.000170712,    0.011809
 0.000170716,   0.0116834
  0.00017072,   0.0121859
 0.000170724,   0.0119347
 0.000170728,   0.0116834
 0.000170732,    0.011809
 0.000170736,   0.0121859
  0.00017074,   0.0116834
 0.000170744,   0.0114322
 0.000170748,   0.0120603
 0.000170752,   0.0119347
 0.000170756,   0.0114322
  0.00017076,   0.0115578
 0.000170764,   0.0119347
 0.000170768,   0.0116834
 0.000170772,   0.0114322
 0.000170776,   0.0115578
  0.00017078,   0.0116834
 0.000170784,   0.0115578
 0.000170788,   0.0113065
 0.000170792,   0.0115578
 0.000170796,   0.0116834
   0.0001708,   0.0113065
 0.000170804,   0.0114322
 0.000170808,   0.0114322
 0.000170812,   0.0114322
 0.000170816,   0.0114322
  0.00017082,   0.0111809
 0.000170824,   0.0114322
 0.000170828,   0.0113065
 0.000170832,   0.0111809
 0.000170836,   0.0115578
  0.00017084,   0.0111809
 0.000170844,   0.0111809
 0.000170848,   0.0114322
 0.000170852,   0.0110553
 0.000170856,   0.0111809
  0.00017086,   0.0110553
 0.000170864,   0.0110553
 0.000170868,   0.0113065
 0.000170872,    0.010804
 0.000170876,   0.0110553
  0.00017088,   0.0110553
 0.000170884,   0.0106784
 0.000170888,   0.0109296
 0.000170892,    0.010804
 0.000170896,    0.010804
   0.0001709,   0.0105528
 0.000170904,   0.0105528
 0.000170908,   0.0109296
 0.000170912,   0.0105528
 0.000170916,   0.0104271
  0.00017092,    0.010804
 0.000170924,   0.0106784
 0.000170928,   0.0105528
 0.000170932,   0.0104271
 0.000170936,   0.0105528
  0.00017094,   0.0105528
 0.000170944,   0.0103015
 0.000170948,   0.0103015
 0.000170952,   0.0104271
 0.000170956,   0.0101759
  0.00017096,   0.0100503
 0.000170964,   0.0100503
 0.000170968,   0.0101759
 0.000170972,   0.0101759
 0.000170976,  0.00992462
  0.00017098,   0.0100503
 0.000170984,   0.0101759
 0.000170988,  0.00992462
 0.000170992,    0.009799
 0.000170996,    0.009799
    0.000171,    0.009799
 0.000171004,  0.00967337
 0.000171008,  0.00992462
 0.000171012,    0.009799
 0.000171016,  0.00954774
  0.00017102,  0.00967337
 0.000171024,  0.00967337
 0.000171028,  0.00967337
 0.000171032,  0.00929648
 0.000171036,  0.00967337
  0.00017104,  0.00942211
 0.000171044,   0.0089196
 0.000171048,  0.00954774
 0.000171052,  0.00929648
 0.000171056,   0.0089196
  0.00017106,  0.00904523
 0.000171064,  0.00917085
 0.000171068,  0.00917085
 0.000171072,  0.00854271
 0.000171076,   0.0089196
  0.00017108,  0.00904523
 0.000171084,  0.00854271
 0.000171088,  0.00866834
 0.000171092,   0.0089196
 0.000171096,  0.00854271
   0.0001711,  0.00854271
 0.000171104,  0.00841709
 0.000171108,  0.00866834
 0.000171112,  0.00879397
 0.000171116,  0.00791457
  0.00017112,  0.00829146
 0.000171124,  0.00841709
 0.000171128,   0.0080402
 0.000171132,   0.0080402
 0.000171136,   0.0080402
  0.00017114,  0.00841709
 0.000171144,  0.00778894
 0.000171148,  0.00778894
 0.000171152,  0.00841709
 0.000171156,  0.00778894
  0.00017116,  0.00766332
 0.000171164,  0.00791457
 0.000171168,  0.00766332
 0.000171172,  0.00753769
 0.000171176,  0.00766332
  0.00017118,  0.00766332
 0.000171184,  0.00741206
 0.000171188,   0.0071608
 0.000171192,  0.00741206
 0.000171196,  0.00741206
   0.0001712,  0.00703518
 0.000171204,  0.00703518
 0.000171208,  0.00703518
 0.000171212,  0.00690955
 0.000171216,  0.00690955
  0.00017122,  0.00678392
 0.000171224,  0.00690955
 0.000171228,  0.00678392
 0.000171232,  0.00640704
 0.000171236,  0.00653266
  0.00017124,  0.00665829
 0.000171244,  0.00653266
 0.000171248,  0.00628141
 0.000171252,  0.00615578
 0.000171256,  0.00615578
  0.00017126,  0.00628141
 0.000171264,  0.00603015
 0.000171268,  0.00603015
 0.000171272,  0.00590452
 0.000171276,  0.00565327
  0.00017128,  0.00590452
 0.000171284,  0.00603015
 0.000171288,  0.00577889
 0.000171292,  0.00565327
 0.000171296,  0.00552764
   0.0001713,  0.00590452
 0.000171304,  0.00552764
 0.000171308,  0.00552764
 0.000171312,  0.00565327
 0.000171316,  0.00515075
  0.00017132,  0.00540201
 0.000171324,  0.00527638
 0.000171328,  0.00527638
 0.000171332,  0.00515075
 0.000171336,  0.00515075
  0.00017134,   0.0048995
 0.000171344,   0.0048995
 0.000171348,  0.00502513
 0.000171352,   0.0048995
 0.000171356,  0.00464824
  0.00017136,  0.00439698
 0.000171364,  0.00477387
 0.000171368,  0.00452261
 0.000171372,  0.00427136
 0.000171376,  0.00427136
  0.00017138,  0.00414573
 0.000171384,  0.00427136
 0.000171388,  0.00389447
 0.000171392,  0.00414573
 0.000171396,  0.00389447
   0.0001714,  0.00376884
 0.000171404,  0.00389447
 0.000171408,  0.00389447
 0.000171412,  0.00376884
 0.000171416,  0.00364322
  0.00017142,  0.00364322
 0.000171424,  0.00351759
 0.000171428,  0.00339196
 0.000171432,  0.00351759
 0.000171436,  0.00326633
  0.00017144,   0.0031407
 0.000171444,  0.00301508
 0.000171448,  0.00301508
 0.000171452,   0.0031407
 0.000171456,  0.00288945
  0.00017146,  0.00301508
 0.000171464,  0.00251256
 0.000171468,  0.00251256
 0.000171472,  0.00276382
 0.000171476,  0.00238693
  0.00017148,  0.00226131
 0.000171484,  0.00238693
 0.000171488,  0.00238693
 0.000171492,  0.00226131
 0.000171496,  0.00201005
   0.0001715,  0.00238693
 0.000171504,  0.00213568
 0.000171508,  0.00175879
 0.000171512,  0.00226131
 0.000171516,  0.00201005
  0.00017152,  0.00175879
 0.000171524,  0.00175879
 0.000171528,  0.00163317
 0.000171532,  0.00175879
 0.000171536,  0.00163317
  0.00017154,  0.00138191
 0.000171544,  0.00150754
 0.000171548,  0.00125628
 0.000171552,  0.00125628
 0.000171556,  0.00113065
  0.00017156,  0.00100503
 0.000171564,  0.00113065
 0.000171568, 0.000628141
 0.000171572, 0.000502513
 0.000171576, 0.000753769
  0.00017158, 0.000502513
 0.000171584, 0.000376884
 0.000171588, 0.000251256
 0.000171592, 0.000502513
 0.000171596, 0.000376884
   0.0001716,           0
 0.000171604, 0.000251256
 0.000171608, 0.000251256
 0.000171612,           0
 0.000171616,           0
  0.00017162,           0
 0.000171624,           0
 0.000171628,           0
 0.000171632,-0.000251256
 0.000171636,-0.000125628
  0.00017164,-0.000376884
 0.000171644,-0.000376884
 0.000171648,-0.000376884
 0.000171652,-0.000753769
 0.000171656,-0.000502513
  0.00017166,-0.000753769
 0.000171664, -0.00100503
 0.000171668,-0.000753769
 0.000171672,-0.000753769
 0.000171676, -0.00125628
  0.00017168, -0.00150754
 0.000171684, -0.00100503
 0.000171688, -0.00113065
 0.000171692, -0.00150754
 0.000171696, -0.00163317
   0.0001717, -0.00150754
 0.000171704, -0.00138191
 0.000171708, -0.00188442
 0.000171712, -0.00175879
 0.000171716, -0.00188442
  0.00017172, -0.00213568
 0.000171724, -0.00188442
 0.000171728, -0.00213568
 0.000171732, -0.00213568
 0.000171736, -0.00213568
  0.00017174, -0.00263819
 0.000171744, -0.00226131
 0.000171748, -0.00226131
 0.000171752, -0.00251256
 0.000171756, -0.00263819
  0.00017176, -0.00288945
 0.000171764, -0.00263819
 0.000171768, -0.00276382
 0.000171772,  -0.0031407
 0.000171776, -0.00288945
  0.00017178,  -0.0031407
 0.000171784, -0.00326633
 0.000171788, -0.00326633
 0.000171792, -0.00339196
 0.000171796, -0.00326633
   0.0001718, -0.00364322
 0.000171804, -0.00364322
 0.000171808, -0.00326633
 0.000171812, -0.00376884
 0.000171816, -0.00389447
  0.00017182, -0.00376884
 0.000171824, -0.00389447
 0.000171828, -0.00389447
 0.000171832, -0.00414573
 0.000171836,  -0.0040201
  0.00017184, -0.00414573
 0.000171844, -0.00439698
 0.000171848, -0.00427136
 0.000171852, -0.00427136
 0.000171856, -0.00464824
  0.00017186, -0.00452261
 0.000171864, -0.00464824
 0.000171868, -0.00464824
 0.000171872,  -0.0048995
 0.000171876, -0.00502513
  0.00017188, -0.00464824
 0.000171884, -0.00502513
 0.000171888, -0.00540201
 0.000171892, -0.00527638
 0.000171896, -0.00515075
   0.0001719, -0.00540201
 0.000171904, -0.00552764
 0.000171908, -0.00552764
 0.000171912, -0.00540201
 0.000171916, -0.00577889
  0.00017192, -0.00590452
 0.000171924, -0.00552764
 0.000171928, -0.00590452
 0.000171932, -0.00628141
 0.000171936, -0.00590452
  0.00017194, -0.00615578
 0.000171944, -0.00628141
 0.000171948, -0.00653266
 0.000171952, -0.00640704
 0.000171956, -0.00615578
  0.00017196, -0.00678392
 0.000171964, -0.00653266
 0.000171968, -0.00640704
 0.000171972, -0.00690955
 0.000171976, -0.00678392
  0.00017198, -0.00678392
 0.000171984, -0.00678392
 0.000171988,  -0.0071608
 0.000171992, -0.00753769
 0.000171996,  -0.0071608
    0.000172,  -0.0071608
 0.000172004, -0.00741206
 0.000172008, -0.00753769
 0.000172012, -0.00753769
 0.000172016, -0.00766332
  0.00017202, -0.00791457
 0.000172024, -0.00791457
 0.000172028, -0.00766332
 0.000172032, -0.00791457
 0.000172036, -0.00829146
  0.00017204,  -0.0080402
 0.000172044,  -0.0080402
 0.000172048, -0.00829146
 0.000172052, -0.00854271
 0.000172056, -0.00854271
  0.00017206, -0.00841709
 0.000172064, -0.00879397
 0.000172068, -0.00879397
 0.000172072, -0.00879397
 0.000172076, -0.00917085
  0.00017208, -0.00917085
 0.000172084, -0.00904523
 0.000172088, -0.00942211
 0.000172092, -0.00929648
 0.000172096, -0.00942211
   0.0001721, -0.00954774
 0.000172104, -0.00967337
 0.000172108, -0.00967337
 0.000172112, -0.00967337
 0.000172116, -0.00992462
  0.00017212,  -0.0100503
 0.000172124,  -0.0100503
 0.000172128,  -0.0100503
 0.000172132,  -0.0100503
 0.000172136,  -0.0101759
  0.00017214,  -0.0103015
 0.000172144,  -0.0104271
 0.000172148,  -0.0104271
 0.000172152,  -0.0106784
 0.000172156,  -0.0105528
  0.00017216,  -0.0106784
 0.000172164,  -0.0113065
 0.000172168,  -0.0109296
 0.000172172,  -0.0111809
 0.000172176,  -0.0110553
  0.00017218,  -0.0114322
 0.000172184,   -0.011809
 0.000172188,  -0.0111809
 0.000172192,  -0.0116834
 0.000172196,  -0.0119347
   0.0001722,   -0.011809
 0.000172204,  -0.0120603
 0.000172208,  -0.0120603
 0.000172212,  -0.0123116
 0.000172216,  -0.0121859
  0.00017222,  -0.0121859
 0.000172224,  -0.0126884
 0.000172228,  -0.0124372
 0.000172232,  -0.0124372
 0.000172236,  -0.0128141
  0.00017224,  -0.0128141
 0.000172244,  -0.0129397
 0.000172248,  -0.0133166
 0.000172252,  -0.0130653
 0.000172256,  -0.0133166
  0.00017226,   -0.013191
 0.000172264,  -0.0134422
 0.000172268,  -0.0135678
 0.000172272,  -0.0135678
 0.000172276,  -0.0138191
  0.00017228,  -0.0135678
 0.000172284,  -0.0138191
 0.000172288,  -0.0143216
 0.000172292,   -0.014196
 0.000172296,  -0.0143216
   0.0001723,   -0.014196
 0.000172304,  -0.0144472
 0.000172308,  -0.0145729
 0.000172312,  -0.0145729
 0.000172316,  -0.0148241
  0.00017232,  -0.0148241
 0.000172324,  -0.0148241
 0.000172328,  -0.0149497
 0.000172332,  -0.0153266
 0.000172336,  -0.0155779
  0.00017234,  -0.0153266
 0.000172344,  -0.0153266
 0.000172348,  -0.0157035
 0.000172352,  -0.0159548
 0.000172356,  -0.0158291
  0.00017236,  -0.0158291
 0.000172364,  -0.0163317
 0.000172368,  -0.0160804
 0.000172372,  -0.0163317
 0.000172376,  -0.0167085
  0.00017238,  -0.0164573
 0.000172384,  -0.0163317
 0.000172388,  -0.0168342
 0.000172392,  -0.0170854
 0.000172396,  -0.0170854
   0.0001724,  -0.0169598
 0.000172404,  -0.0172111
 0.000172408,  -0.0173367
 0.000172412,  -0.0170854
 0.000172416,  -0.0177136
  0.00017242,  -0.0173367
 0.000172424,  -0.0175879
 0.000172428,  -0.0179648
 0.000172432,  -0.0178392
 0.000172436,  -0.0179648
  0.00017244,  -0.0180905
 0.000172444,  -0.0182161
 0.000172448,  -0.0182161
 0.000172452,  -0.0183417
 0.000172456,  -0.0189698
  0.00017246,   -0.018593
 0.000172464,  -0.0187186
 0.000172468,  -0.0190955
 0.000172472,  -0.0190955
 0.000172476,  -0.0190955
  0.00017248,  -0.0193467
 0.000172484,  -0.0197236
 0.000172488,   -0.019598
 0.000172492,  -0.0194724
 0.000172496,  -0.0198492
   0.0001725,  -0.0202261
 0.000172504,  -0.0198492
 0.000172508,  -0.0199749
 0.000172512,  -0.0204774
 0.000172516,  -0.0202261
  0.00017252,   -0.020603
 0.000172524,  -0.0204774
 0.000172528,  -0.0204774
 0.000172532,  -0.0207286
 0.000172536,  -0.0208543
  0.00017254,  -0.0211055
 0.000172544,  -0.0207286
 0.000172548,  -0.0209799
 0.000172552,  -0.0214824
 0.000172556,  -0.0213568
  0.00017256,  -0.0212312
 0.000172564,  -0.0217337
 0.000172568,   -0.021608
 0.000172572,  -0.0217337
 0.000172576,  -0.0218593
  0.00017258,  -0.0218593
 0.000172584,  -0.0221106
 0.000172588,  -0.0221106
 0.000172592,  -0.0222362
 0.000172596,  -0.0226131
   0.0001726,  -0.0223618
 0.000172604,  -0.0226131
 0.000172608,  -0.0226131
 0.000172612,  -0.0228643
 0.000172616,  -0.0231156
  0.00017262,  -0.0228643
 0.000172624,  -0.0229899
 0.000172628,  -0.0232412
 0.000172632,  -0.0232412
 0.000172636,  -0.0234925
  0.00017264,  -0.0233668
 0.000172644,  -0.0234925
 0.000172648,   -0.023995
 0.000172652,  -0.0236181
 0.000172656,   -0.023995
  0.00017266,  -0.0241206
 0.000172664,   -0.023995
 0.000172668,  -0.0242462
 0.000172672,  -0.0244975
 0.000172676,  -0.0246231
  0.00017268,  -0.0244975
 0.000172684,  -0.0244975
 0.000172688,  -0.0252513
 0.000172692,  -0.0248744
 0.000172696,      -0.025
   0.0001727,  -0.0252513
 0.000172704,      -0.025
 0.000172708,  -0.0251256
 0.000172712,  -0.0255025
 0.000172716,  -0.0256281
  0.00017272,  -0.0255025
 0.000172724,  -0.0252513
 0.000172728,  -0.0258794
 0.000172732,   -0.026005
 0.000172736,  -0.0257538
  0.00017274,  -0.0258794
 0.000172744,   -0.026005
 0.000172748,  -0.0261307
 0.000172752,  -0.0261307
 0.000172756,  -0.0262563
  0.00017276,  -0.0262563
 0.000172764,  -0.0263819
 0.000172768,  -0.0263819
 0.000172772,  -0.0266332
 0.000172776,  -0.0268844
  0.00017278,  -0.0267588
 0.000172784,  -0.0268844
 0.000172788,    -0.02701
 0.000172792,  -0.0271357
 0.000172796,  -0.0271357
   0.0001728,    -0.02701
 0.000172804,  -0.0272613
 0.000172808,  -0.0273869
 0.000172812,  -0.0273869
 0.000172816,  -0.0273869
  0.00017282,  -0.0276382
 0.000172824,  -0.0273869
 0.000172828,  -0.0277638
 0.000172832,  -0.0277638
 0.000172836,  -0.0275126
  0.00017284,  -0.0280151
 0.000172844,  -0.0277638
 0.000172848,  -0.0280151
 0.000172852,  -0.0278894
 0.000172856,  -0.0280151
  0.00017286,   -0.028392
 0.000172864,  -0.0278894
 0.000172868,  -0.0282663
 0.000172872,  -0.0282663
 0.000172876,  -0.0281407
  0.00017288,  -0.0285176
 0.000172884,   -0.028392
 0.000172888,  -0.0282663
 0.000172892,  -0.0285176
 0.000172896,   -0.028392
   0.0001729,  -0.0285176
 0.000172904,   -0.028392
 0.000172908,  -0.0285176
 0.000172912,  -0.0286432
 0.000172916,   -0.028392
  0.00017292,  -0.0287688
 0.000172924,  -0.0286432
 0.000172928,  -0.0285176
 0.000172932,  -0.0290201
 0.000172936,  -0.0287688
  0.00017294,  -0.0286432
 0.000172944,  -0.0287688
 0.000172948,  -0.0288945
 0.000172952,  -0.0288945
 0.000172956,  -0.0286432
  0.00017296,  -0.0288945
 0.000172964,  -0.0291457
 0.000172968,  -0.0288945
 0.000172972,  -0.0288945
 0.000172976,  -0.0291457
  0.00017298,  -0.0290201
 0.000172984,  -0.0290201
 0.000172988,  -0.0291457
 0.000172992,  -0.0291457
 0.000172996,  -0.0291457
    0.000173,  -0.0288945
 0.000173004,  -0.0291457
 0.000173008,  -0.0291457
 0.000173012,  -0.0290201
 0.000173016,  -0.0292714
  0.00017302,  -0.0291457
 0.000173024,  -0.0288945
 0.000173028,  -0.0288945
 0.000173032,  -0.0291457
 0.000173036,  -0.0290201
  0.00017304,  -0.0288945
 0.000173044,  -0.0288945
 0.000173048,  -0.0290201
 0.000173052,  -0.0288945
 0.000173056,  -0.0287688
  0.00017306,  -0.0290201
 0.000173064,  -0.0288945
 0.000173068,  -0.0287688
 0.000173072,  -0.0288945
 0.000173076,  -0.0286432
  0.00017308,  -0.0285176
 0.000173084,  -0.0285176
 0.000173088,  -0.0285176
 0.000173092,  -0.0286432
 0.000173096,   -0.028392
   0.0001731,  -0.0285176
 0.000173104,  -0.0285176
 0.000173108,  -0.0281407
 0.000173112,   -0.028392
 0.000173116,  -0.0282663
  0.00017312,  -0.0281407
 0.000173124,  -0.0281407
 0.000173128,  -0.0280151
 0.000173132,  -0.0281407
 0.000173136,  -0.0278894
  0.00017314,  -0.0277638
 0.000173144,  -0.0278894
 0.000173148,  -0.0277638
 0.000173152,  -0.0276382
 0.000173156,  -0.0277638
  0.00017316,  -0.0275126
 0.000173164,  -0.0273869
 0.000173168,  -0.0273869
 0.000173172,  -0.0273869
 0.000173176,  -0.0272613
  0.00017318,  -0.0268844
 0.000173184,  -0.0272613
 0.000173188,    -0.02701
 0.000173192,  -0.0267588
 0.000173196,  -0.0268844
   0.0001732,  -0.0268844
 0.000173204,  -0.0266332
 0.000173208,  -0.0265075
 0.000173212,  -0.0267588
 0.000173216,  -0.0263819
  0.00017322,  -0.0262563
 0.000173224,  -0.0263819
 0.000173228,  -0.0263819
 0.000173232,  -0.0262563
 0.000173236,  -0.0258794
  0.00017324,  -0.0261307
 0.000173244,  -0.0258794
 0.000173248,  -0.0257538
 0.000173252,  -0.0257538
 0.000173256,  -0.0257538
  0.00017326,  -0.0255025
 0.000173264,  -0.0251256
 0.000173268,  -0.0252513
 0.000173272,  -0.0253769
 0.000173276,  -0.0248744
  0.00017328,  -0.0247487
 0.000173284,      -0.025
 0.000173288,  -0.0246231
 0.000173292,  -0.0244975
 0.000173296,  -0.0244975
   0.0001733,  -0.0243719
 0.000173304,   -0.023995
 0.000173308,  -0.0238693
 0.000173312,  -0.0241206
 0.000173316,  -0.0237437
  0.00017332,  -0.0232412
 0.000173324,  -0.0237437
 0.000173328,  -0.0233668
 0.000173332,  -0.0232412
 0.000173336,  -0.0228643
  0.00017334,  -0.0229899
 0.000173344,  -0.0232412
 0.000173348,  -0.0224874
 0.000173352,  -0.0226131
 0.000173356,  -0.0224874
  0.00017336,  -0.0222362
 0.000173364,  -0.0222362
 0.000173368,  -0.0217337
 0.000173372,  -0.0219849
 0.000173376,  -0.0217337
  0.00017338,  -0.0212312
 0.000173384,  -0.0214824
 0.000173388,  -0.0214824
 0.000173392,  -0.0209799
 0.000173396,  -0.0208543
   0.0001734,  -0.0208543
 0.000173404,  -0.0207286
 0.000173408,  -0.0202261
 0.000173412,  -0.0203518
 0.000173416,  -0.0204774
  0.00017342,  -0.0198492
 0.000173424,  -0.0197236
 0.000173428,  -0.0199749
 0.000173432,  -0.0197236
 0.000173436,  -0.0192211
  0.00017344,  -0.0193467
 0.000173444,   -0.019598
 0.000173448,  -0.0189698
 0.000173452,  -0.0187186
 0.000173456,  -0.0188442
  0.00017346,  -0.0188442
 0.000173464,  -0.0183417
 0.000173468,  -0.0180905
 0.000173472,  -0.0184673
 0.000173476,  -0.0180905
  0.00017348,  -0.0177136
 0.000173484,  -0.0178392
 0.000173488,  -0.0178392
 0.000173492,  -0.0174623
 0.000173496,  -0.0173367
   0.0001735,  -0.0172111
 0.000173504,  -0.0170854
 0.000173508,  -0.0165829
 0.000173512,  -0.0168342
 0.000173516,  -0.0167085
  0.00017352,  -0.0160804
 0.000173524,   -0.016206
 0.000173528,  -0.0163317
 0.000173532,  -0.0158291
 0.000173536,  -0.0155779
  0.00017354,  -0.0155779
 0.000173544,  -0.0155779
 0.000173548,   -0.015201
 0.000173552,  -0.0149497
 0.000173556,  -0.0154523
  0.00017356,  -0.0148241
 0.000173564,  -0.0144472
 0.000173568,  -0.0145729
 0.000173572,  -0.0143216
 0.000173576,  -0.0143216
  0.00017358,  -0.0138191
 0.000173584,  -0.0138191
 0.000173588,  -0.0139447
 0.000173592,  -0.0133166
 0.000173596,  -0.0136935
   0.0001736,  -0.0133166
 0.000173604,  -0.0129397
 0.000173608,  -0.0129397
 0.000173612,  -0.0126884
 0.000173616,  -0.0128141
  0.00017362,  -0.0124372
 0.000173624,  -0.0121859
 0.000173628,  -0.0123116
 0.000173632,  -0.0121859
 0.000173636,  -0.0120603
  0.00017364,  -0.0119347
 0.000173644,  -0.0116834
 0.000173648,  -0.0115578
 0.000173652,  -0.0115578
 0.000173656,  -0.0113065
  0.00017366,  -0.0114322
 0.000173664,  -0.0111809
 0.000173668,  -0.0110553
 0.000173672,  -0.0110553
 0.000173676,  -0.0106784
  0.00017368,  -0.0106784
 0.000173684,  -0.0105528
 0.000173688,  -0.0103015
 0.000173692,  -0.0101759
 0.000173696,  -0.0100503
   0.0001737, -0.00992462
 0.000173704, -0.00992462
 0.000173708, -0.00967337
 0.000173712, -0.00954774
 0.000173716, -0.00954774
  0.00017372, -0.00929648
 0.000173724, -0.00917085
 0.000173728, -0.00904523
 0.000173732, -0.00917085
 0.000173736, -0.00904523
  0.00017374, -0.00879397
 0.000173744, -0.00866834
 0.000173748,  -0.0089196
 0.000173752, -0.00854271
 0.000173756, -0.00841709
  0.00017376, -0.00841709
 0.000173764, -0.00841709
 0.000173768, -0.00816583
 0.000173772,  -0.0080402
 0.000173776, -0.00816583
  0.00017378,  -0.0080402
 0.000173784, -0.00766332
 0.000173788,  -0.0080402
 0.000173792, -0.00778894
 0.000173796, -0.00766332
   0.0001738, -0.00766332
 0.000173804, -0.00766332
 0.000173808, -0.00741206
 0.000173812,  -0.0071608
 0.000173816, -0.00753769
  0.00017382, -0.00753769
 0.000173824, -0.00690955
 0.000173828,  -0.0071608
 0.000173832, -0.00741206
 0.000173836, -0.00690955
  0.00017384, -0.00690955
 0.000173844, -0.00690955
 0.000173848, -0.00678392
 0.000173852, -0.00653266
 0.000173856, -0.00690955
  0.00017386, -0.00690955
 0.000173864, -0.00628141
 0.000173868, -0.00640704
 0.000173872, -0.00678392
 0.000173876, -0.00665829
  0.00017388, -0.00628141
 0.000173884, -0.00665829
 0.000173888, -0.00665829
 0.000173892, -0.00603015
 0.000173896, -0.00640704
   0.0001739, -0.00653266
 0.000173904, -0.00640704
 0.000173908, -0.00628141
 0.000173912, -0.00615578
 0.000173916, -0.00640704
  0.00017392, -0.00615578
 0.000173924, -0.00628141
 0.000173928, -0.00665829
 0.000173932, -0.00628141
 0.000173936, -0.00640704
  0.00017394, -0.00653266
 0.000173944, -0.00640704
 0.000173948, -0.00653266
 0.000173952, -0.00653266
 0.000173956, -0.00665829
  0.00017396, -0.00640704
 0.000173964, -0.00628141
 0.000173968, -0.00690955
 0.000173972, -0.00653266
 0.000173976, -0.00640704
  0.00017398, -0.00665829
 0.000173984, -0.00640704
 0.000173988, -0.00678392
 0.000173992, -0.00640704
 0.000173996, -0.00653266
    0.000174, -0.00678392
 0.000174004, -0.00640704
 0.000174008, -0.00690955
 0.000174012, -0.00690955
 0.000174016, -0.00653266
  0.00017402, -0.00678392
 0.000174024, -0.00678392
 0.000174028, -0.00703518
 0.000174032, -0.00728643
 0.000174036, -0.00703518
  0.00017404, -0.00741206
 0.000174044,  -0.0071608
 0.000174048, -0.00728643
 0.000174052, -0.00778894
 0.000174056, -0.00741206
  0.00017406, -0.00766332
 0.000174064, -0.00778894
 0.000174068, -0.00791457
 0.000174072, -0.00791457
 0.000174076, -0.00778894
  0.00017408, -0.00829146
 0.000174084, -0.00816583
 0.000174088, -0.00816583
 0.000174092, -0.00829146
 0.000174096, -0.00854271
   0.0001741, -0.00829146
 0.000174104, -0.00866834
 0.000174108,  -0.0089196
 0.000174112,  -0.0089196
 0.000174116,  -0.0089196
  0.00017412, -0.00929648
 0.000174124, -0.00942211
 0.000174128, -0.00954774
 0.000174132,   -0.009799
 0.000174136,   -0.009799
  0.00017414, -0.00992462
 0.000174144,  -0.0101759
 0.000174148,  -0.0104271
 0.000174152,  -0.0100503
 0.000174156,  -0.0103015
  0.00017416,   -0.010804
 0.000174164,   -0.010804
 0.000174168,  -0.0106784
 0.000174172,  -0.0109296
 0.000174176,  -0.0111809
  0.00017418,  -0.0111809
 0.000174184,  -0.0113065
 0.000174188,  -0.0115578
 0.000174192,  -0.0115578
 0.000174196,  -0.0116834
   0.0001742,  -0.0120603
 0.000174204,  -0.0121859
 0.000174208,  -0.0120603
 0.000174212,  -0.0124372
 0.000174216,  -0.0124372
  0.00017422,  -0.0126884
 0.000174224,  -0.0129397
 0.000174228,  -0.0129397
 0.000174232,  -0.0133166
 0.000174236,  -0.0133166
  0.00017424,  -0.0136935
 0.000174244,  -0.0139447
 0.000174248,  -0.0138191
 0.000174252,  -0.0144472
 0.000174256,  -0.0143216
  0.00017426,  -0.0145729
 0.000174264,  -0.0149497
 0.000174268,  -0.0149497
 0.000174272,   -0.015201
 0.000174276,  -0.0153266
  0.00017428,  -0.0154523
 0.000174284,  -0.0157035
 0.000174288,  -0.0158291
 0.000174292,   -0.016206
 0.000174296,  -0.0163317
   0.0001743,  -0.0163317
 0.000174304,  -0.0165829
 0.000174308,  -0.0167085
 0.000174312,  -0.0169598
 0.000174316,  -0.0173367
  0.00017432,  -0.0172111
 0.000174324,  -0.0175879
 0.000174328,  -0.0178392
 0.000174332,  -0.0182161
 0.000174336,  -0.0182161
  0.00017434,  -0.0182161
 0.000174344,  -0.0187186
 0.000174348,  -0.0189698
 0.000174352,  -0.0189698
 0.000174356,  -0.0192211
  0.00017436,  -0.0194724
 0.000174364,   -0.019598
 0.000174368,   -0.019598
 0.000174372,  -0.0202261
 0.000174376,  -0.0202261
  0.00017438,   -0.020603
 0.000174384,   -0.020603
 0.000174388,  -0.0207286
 0.000174392,  -0.0211055
 0.000174396,  -0.0212312
   0.0001744,   -0.021608
 0.000174404,  -0.0214824
 0.000174408,  -0.0217337
 0.000174412,  -0.0222362
 0.000174416,  -0.0219849
  0.00017442,  -0.0224874
 0.000174424,  -0.0227387
 0.000174428,  -0.0227387
 0.000174432,  -0.0229899
 0.000174436,  -0.0232412
  0.00017444,  -0.0234925
 0.000174444,  -0.0237437
 0.000174448,  -0.0237437
 0.000174452,  -0.0241206
 0.000174456,  -0.0242462
  0.00017446,  -0.0243719
 0.000174464,  -0.0248744
 0.000174468,  -0.0246231
 0.000174472,  -0.0248744
 0.000174476,  -0.0252513
  0.00017448,  -0.0253769
 0.000174484,  -0.0257538
 0.000174488,  -0.0256281
 0.000174492,  -0.0257538
 0.000174496,  -0.0263819
   0.0001745,  -0.0262563
 0.000174504,  -0.0263819
 0.000174508,  -0.0265075
 0.000174512,  -0.0268844
 0.000174516,  -0.0271357
  0.00017452,  -0.0268844
 0.000174524,  -0.0272613
 0.000174528,  -0.0275126
 0.000174532,  -0.0275126
 0.000174536,  -0.0276382
  0.00017454,  -0.0278894
 0.000174544,  -0.0280151
 0.000174548,  -0.0280151
 0.000174552,  -0.0282663
 0.000174556,  -0.0286432
  0.00017456,  -0.0287688
 0.000174564,  -0.0287688
 0.000174568,  -0.0287688
 0.000174572,  -0.0291457
 0.000174576,  -0.0291457
  0.00017458,  -0.0292714
 0.000174584,   -0.029397
 0.000174588,  -0.0295226
 0.000174592,  -0.0297739
 0.000174596,  -0.0295226
   0.0001746,  -0.0300251
 0.000174604,  -0.0302764
 0.000174608,  -0.0298995
 0.000174612,  -0.0300251
 0.000174616,   -0.030402
  0.00017462,  -0.0305276
 0.000174624,  -0.0305276
 0.000174628,   -0.030402
 0.000174632,  -0.0309045
 0.000174636,  -0.0309045
  0.00017464,  -0.0307789
 0.000174644,  -0.0312814
 0.000174648,  -0.0311558
 0.000174652,  -0.0310302
 0.000174656,   -0.031407
  0.00017466,  -0.0311558
 0.000174664,  -0.0315327
 0.000174668,  -0.0312814
 0.000174672,  -0.0315327
 0.000174676,  -0.0316583
  0.00017468,  -0.0312814
 0.000174684,  -0.0315327
 0.000174688,  -0.0317839
 0.000174692,   -0.031407
 0.000174696,  -0.0316583
   0.0001747,  -0.0315327
 0.000174704,  -0.0316583
 0.000174708,  -0.0316583
 0.000174712,   -0.031407
 0.000174716,  -0.0319095
  0.00017472,  -0.0316583
 0.000174724,  -0.0315327
 0.000174728,  -0.0320352
 0.000174732,  -0.0315327
 0.000174736,  -0.0315327
  0.00017474,  -0.0316583
 0.000174744,  -0.0316583
 0.000174748,  -0.0317839
 0.000174752,  -0.0311558
 0.000174756,  -0.0316583
  0.00017476,  -0.0315327
 0.000174764,  -0.0311558
 0.000174768,  -0.0312814
 0.000174772,  -0.0312814
 0.000174776,  -0.0311558
  0.00017478,  -0.0309045
 0.000174784,  -0.0309045
 0.000174788,  -0.0309045
 0.000174792,  -0.0305276
 0.000174796,  -0.0306533
   0.0001748,  -0.0306533
 0.000174804,  -0.0301508
 0.000174808,  -0.0301508
 0.000174812,  -0.0301508
 0.000174816,  -0.0300251
  0.00017482,  -0.0297739
 0.000174824,  -0.0297739
 0.000174828,  -0.0296482
 0.000174832,  -0.0292714
 0.000174836,   -0.029397
  0.00017484,  -0.0291457
 0.000174844,  -0.0291457
 0.000174848,  -0.0288945
 0.000174852,  -0.0285176
 0.000174856,  -0.0286432
  0.00017486,  -0.0282663
 0.000174864,  -0.0281407
 0.000174868,  -0.0278894
 0.000174872,  -0.0275126
 0.000174876,  -0.0275126
  0.00017488,  -0.0271357
 0.000174884,  -0.0267588
 0.000174888,  -0.0267588
 0.000174892,  -0.0262563
 0.000174896,  -0.0262563
   0.0001749,  -0.0257538
 0.000174904,  -0.0255025
 0.000174908,  -0.0255025
 0.000174912,      -0.025
 0.000174916,  -0.0247487
  0.00017492,  -0.0244975
 0.000174924,  -0.0241206
 0.000174928,   -0.023995
 0.000174932,  -0.0236181
 0.000174936,  -0.0232412
  0.00017494,  -0.0231156
 0.000174944,  -0.0224874
 0.000174948,  -0.0224874
 0.000174952,  -0.0222362
 0.000174956,  -0.0217337
  0.00017496,  -0.0213568
 0.000174964,  -0.0209799
 0.000174968,  -0.0208543
 0.000174972,  -0.0203518
 0.000174976,  -0.0197236
  0.00017498,   -0.019598
 0.000174984,  -0.0190955
 0.000174988,  -0.0188442
 0.000174992,  -0.0183417
 0.000174996,  -0.0179648
    0.000175,  -0.0173367
 0.000175004,  -0.0168342
 0.000175008,  -0.0165829
 0.000175012,   -0.016206
 0.000175016,  -0.0157035
  0.00017502,   -0.015201
 0.000175024,  -0.0148241
 0.000175028,  -0.0145729
 0.000175032,  -0.0138191
 0.000175036,  -0.0134422
  0.00017504,  -0.0128141
 0.000175044,  -0.0123116
 0.000175048,  -0.0119347
 0.000175052,  -0.0114322
 0.000175056,  -0.0110553
  0.00017506,  -0.0103015
 0.000175064, -0.00992462
 0.000175068, -0.00942211
 0.000175072, -0.00879397
 0.000175076, -0.00854271
  0.00017508, -0.00778894
 0.000175084, -0.00741206
 0.000175088, -0.00690955
 0.000175092, -0.00615578
 0.000175096, -0.00565327
   0.0001751, -0.00527638
 0.000175104, -0.00439698
 0.000175108,  -0.0040201
 0.000175112,  -0.0031407
 0.000175116, -0.00276382
  0.00017512, -0.00226131
 0.000175124, -0.00138191
 0.000175128, -0.00125628
 0.000175132,-0.000376884
 0.000175136, 0.000376884
  0.00017514, 0.000628141
 0.000175144,  0.00138191
 0.000175148,  0.00188442
 0.000175152,  0.00276382
 0.000175156,  0.00326633
  0.00017516,  0.00364322
 0.000175164,  0.00464824
 0.000175168,  0.00515075
 0.000175172,  0.00565327
 0.000175176,  0.00653266
  0.00017518,   0.0071608
 0.000175184,  0.00778894
 0.000175188,  0.00816583
 0.000175192,  0.00904523
 0.000175196,  0.00992462
   0.0001752,   0.0104271
 0.000175204,   0.0109296
 0.000175208,   0.0120603
 0.000175212,   0.0124372
 0.000175216,    0.013191
  0.00017522,   0.0138191
 0.000175224,   0.0146985
 0.000175228,   0.0153266
 0.000175232,   0.0158291
 0.000175236,   0.0169598
  0.00017524,   0.0174623
 0.000175244,   0.0182161
 0.000175248,   0.0190955
 0.000175252,   0.0197236
 0.000175256,   0.0203518
  0.00017526,   0.0211055
 0.000175264,   0.0221106
 0.000175268,   0.0227387
 0.000175272,   0.0233668
 0.000175276,   0.0243719
  0.00017528,       0.025
 0.000175284,   0.0258794
 0.000175288,   0.0265075
 0.000175292,   0.0272613
 0.000175296,   0.0280151
   0.0001753,   0.0286432
 0.000175304,   0.0295226
 0.000175308,    0.030402
 0.000175312,   0.0310302
 0.000175316,   0.0320352
  0.00017532,   0.0324121
 0.000175324,   0.0334171
 0.000175328,   0.0341709
 0.000175332,    0.034799
 0.000175336,   0.0359296
  0.00017534,   0.0363065
 0.000175344,   0.0371859
 0.000175348,    0.038191
 0.000175352,   0.0386935
 0.000175356,   0.0395729
  0.00017536,   0.0403266
 0.000175364,   0.0409548
 0.000175368,   0.0420854
 0.000175372,   0.0425879
 0.000175376,    0.043593
  0.00017538,   0.0443467
 0.000175384,   0.0448492
 0.000175388,   0.0458543
 0.000175392,   0.0464824
 0.000175396,   0.0476131
   0.0001754,   0.0481156
 0.000175404,   0.0487437
 0.000175408,        0.05
 0.000175412,   0.0505025
 0.000175416,   0.0511307
  0.00017542,   0.0521357
 0.000175424,   0.0527638
 0.000175428,    0.053392
 0.000175432,    0.054397
 0.000175436,   0.0552764
  0.00017544,   0.0559045
 0.000175444,   0.0562814
 0.000175448,   0.0575377
 0.000175452,   0.0584171
 0.000175456,   0.0586683
  0.00017546,   0.0596734
 0.000175464,   0.0605528
 0.000175468,   0.0611809
 0.000175472,   0.0620603
 0.000175476,   0.0628141
  0.00017548,   0.0634422
 0.000175484,   0.0643216
 0.000175488,    0.065201
 0.000175492,   0.0658291
 0.000175496,    0.066206
   0.0001755,   0.0673367
 0.000175504,   0.0680905
 0.000175508,   0.0684673
 0.000175512,   0.0692211
 0.000175516,    0.070603
  0.00017552,   0.0707286
 0.000175524,   0.0712312
 0.000175528,   0.0726131
 0.000175532,   0.0731156
 0.000175536,   0.0736181
  0.00017554,   0.0741206
 0.000175544,   0.0753769
 0.000175548,   0.0758794
 0.000175552,   0.0762563
 0.000175556,   0.0773869
  0.00017556,   0.0777638
 0.000175564,   0.0781407
 0.000175568,   0.0792714
 0.000175572,   0.0797739
 0.000175576,   0.0802764
  0.00017558,   0.0810302
 0.000175584,   0.0817839
 0.000175588,   0.0822864
 0.000175592,   0.0827889
 0.000175596,   0.0836683
   0.0001756,   0.0842965
 0.000175604,   0.0846734
 0.000175608,   0.0856784
 0.000175612,   0.0861809
 0.000175616,   0.0864322
  0.00017562,   0.0873116
 0.000175624,   0.0879397
 0.000175628,   0.0884422
 0.000175632,   0.0890703
 0.000175636,   0.0895729
  0.00017564,    0.090201
 0.000175644,   0.0907035
 0.000175648,   0.0913317
 0.000175652,   0.0919598
 0.000175656,   0.0923367
  0.00017566,   0.0929648
 0.000175664,   0.0933417
 0.000175668,   0.0939699
 0.000175672,    0.094598
 0.000175676,   0.0951005
  0.00017568,   0.0954774
 0.000175684,   0.0958543
 0.000175688,   0.0964824
 0.000175692,   0.0969849
 0.000175696,   0.0973618
   0.0001757,   0.0978643
 0.000175704,   0.0984925
 0.000175708,   0.0987437
 0.000175712,    0.098995
 0.000175716,   0.0996231
  0.00017572,         0.1
 0.000175724,    0.100126
 0.000175728,    0.100628
 0.000175732,    0.101131
 0.000175736,    0.101508
  0.00017574,    0.101633
 0.000175744,    0.102136
 0.000175748,    0.102764
 0.000175752,    0.102638
 0.000175756,    0.102889
  0.00017576,    0.103769
 0.000175764,    0.103769
 0.000175768,    0.103894
 0.000175772,    0.104397
 0.000175776,    0.104899
  0.00017578,    0.105276
 0.000175784,    0.104899
 0.000175788,    0.105779
 0.000175792,     0.10603
 0.000175796,    0.105653
   0.0001758,    0.106407
 0.000175804,    0.106533
 0.000175808,    0.106784
 0.000175812,     0.10691
 0.000175816,    0.107035
  0.00017582,    0.107412
 0.000175824,    0.107412
 0.000175828,    0.107663
 0.000175832,    0.107538
 0.000175836,    0.107789
  0.00017584,     0.10804
 0.000175844,    0.108166
 0.000175848,    0.108166
 0.000175852,    0.108417
 0.000175856,    0.108166
  0.00017586,    0.108417
 0.000175864,    0.108668
 0.000175868,    0.108668
 0.000175872,    0.108794
 0.000175876,    0.108668
  0.00017588,    0.108794
 0.000175884,    0.108794
 0.000175888,    0.108668
 0.000175892,    0.109045
 0.000175896,    0.108668
   0.0001759,     0.10892
 0.000175904,    0.108668
 0.000175908,    0.108543
 0.000175912,    0.108794
 0.000175916,    0.108543
  0.00017592,    0.108543
 0.000175924,    0.108417
 0.000175928,    0.108417
 0.000175932,    0.108291
 0.000175936,     0.10804
  0.00017594,    0.108166
 0.000175944,    0.107789
 0.000175948,    0.107915
 0.000175952,    0.107789
 0.000175956,    0.107161
  0.00017596,    0.107286
 0.000175964,    0.107286
 0.000175968,    0.107035
 0.000175972,    0.106533
 0.000175976,    0.106281
  0.00017598,    0.106533
 0.000175984,    0.105905
 0.000175988,    0.105528
 0.000175992,    0.105779
 0.000175996,    0.105025
    0.000176,    0.104774
 0.000176004,    0.104899
 0.000176008,    0.104271
 0.000176012,     0.10402
 0.000176016,    0.103518
  0.00017602,    0.103392
 0.000176024,    0.103015
 0.000176028,    0.102387
 0.000176032,    0.102638
 0.000176036,    0.101508
  0.00017604,    0.101131
 0.000176044,    0.101382
 0.000176048,    0.100879
 0.000176052,    0.100251
 0.000176056,   0.0994975
  0.00017606,   0.0993719
 0.000176064,   0.0991206
 0.000176068,   0.0982412
 0.000176072,   0.0979899
 0.000176076,   0.0973618
  0.00017608,   0.0967337
 0.000176084,    0.096608
 0.000176088,   0.0961055
 0.000176092,   0.0954774
 0.000176096,   0.0948492
   0.0001761,   0.0943467
 0.000176104,   0.0939699
 0.000176108,   0.0934673
 0.000176112,   0.0925879
 0.000176116,   0.0923367
  0.00017612,   0.0914573
 0.000176124,   0.0909548
 0.000176128,   0.0905779
 0.000176132,   0.0896985
 0.000176136,   0.0894472
  0.00017614,   0.0885678
 0.000176144,   0.0879397
 0.000176148,   0.0874372
 0.000176152,    0.086809
 0.000176156,   0.0860553
  0.00017616,   0.0853015
 0.000176164,   0.0849246
 0.000176168,   0.0841709
 0.000176172,   0.0834171
 0.000176176,   0.0826633
  0.00017618,   0.0821608
 0.000176184,   0.0811558
 0.000176188,    0.080402
 0.000176192,   0.0800251
 0.000176196,   0.0790201
   0.0001762,    0.078392
 0.000176204,   0.0776382
 0.000176208,   0.0767588
 0.000176212,   0.0761307
 0.000176216,   0.0751256
  0.00017622,   0.0747487
 0.000176224,   0.0737437
 0.000176228,   0.0727387
 0.000176232,   0.0721105
 0.000176236,   0.0713568
  0.00017624,   0.0703518
 0.000176244,   0.0698492
 0.000176248,   0.0688442
 0.000176252,   0.0680905
 0.000176256,   0.0673367
  0.00017626,   0.0663317
 0.000176264,   0.0655779
 0.000176268,   0.0645729
 0.000176272,   0.0639447
 0.000176276,   0.0630653
  0.00017628,   0.0619347
 0.000176284,   0.0613065
 0.000176288,   0.0603015
 0.000176292,   0.0594221
 0.000176296,   0.0585427
   0.0001763,   0.0574121
 0.000176304,   0.0566583
 0.000176308,   0.0557789
 0.000176312,   0.0547739
 0.000176316,   0.0537688
  0.00017632,   0.0528894
 0.000176324,     0.05201
 0.000176328,   0.0508794
 0.000176332,        0.05
 0.000176336,   0.0491206
  0.00017634,   0.0482412
 0.000176344,   0.0472362
 0.000176348,   0.0464824
 0.000176352,   0.0454774
 0.000176356,   0.0443467
  0.00017636,   0.0434673
 0.000176364,   0.0425879
 0.000176368,   0.0415829
 0.000176372,   0.0405779
 0.000176376,   0.0398241
  0.00017638,   0.0386935
 0.000176384,   0.0378141
 0.000176388,    0.036809
 0.000176392,   0.0360553
 0.000176396,    0.034799
   0.0001764,   0.0336683
 0.000176404,   0.0331658
 0.000176408,   0.0320352
 0.000176412,   0.0309045
 0.000176416,   0.0300251
  0.00017642,   0.0287688
 0.000176424,   0.0280151
 0.000176428,     0.02701
 0.000176432,    0.026005
 0.000176436,   0.0251256
  0.00017644,   0.0236181
 0.000176444,   0.0233668
 0.000176448,   0.0219849
 0.000176452,    0.020603
 0.000176456,   0.0203518
  0.00017646,   0.0192211
 0.000176464,   0.0179648
 0.000176468,   0.0168342
 0.000176472,    0.016206
 0.000176476,   0.0154523
  0.00017648,   0.0139447
 0.000176484,   0.0133166
 0.000176488,   0.0125628
 0.000176492,   0.0110553
 0.000176496,   0.0104271
   0.0001765,  0.00954774
 0.000176504,  0.00841709
 0.000176508,  0.00753769
 0.000176512,  0.00628141
 0.000176516,  0.00552764
  0.00017652,  0.00439698
 0.000176524,  0.00339196
 0.000176528,  0.00251256
 0.000176532,  0.00125628
 0.000176536, 0.000628141
  0.00017654,-0.000502513
 0.000176544, -0.00150754
 0.000176548, -0.00226131
 0.000176552, -0.00339196
 0.000176556, -0.00427136
  0.00017656, -0.00515075
 0.000176564, -0.00590452
 0.000176568, -0.00678392
 0.000176572,  -0.0080402
 0.000176576, -0.00879397
  0.00017658, -0.00954774
 0.000176584,  -0.0106784
 0.000176588,  -0.0115578
 0.000176592,  -0.0124372
 0.000176596,  -0.0133166
   0.0001766,  -0.0143216
 0.000176604,   -0.015201
 0.000176608,  -0.0158291
 0.000176612,  -0.0169598
 0.000176616,  -0.0179648
  0.00017662,   -0.018593
 0.000176624,  -0.0193467
 0.000176628,  -0.0204774
 0.000176632,  -0.0214824
 0.000176636,  -0.0218593
  0.00017664,  -0.0228643
 0.000176644,  -0.0238693
 0.000176648,  -0.0243719
 0.000176652,  -0.0252513
 0.000176656,  -0.0261307
  0.00017666,  -0.0268844
 0.000176664,  -0.0276382
 0.000176668,   -0.028392
 0.000176672,  -0.0295226
 0.000176676,  -0.0298995
  0.00017668,  -0.0307789
 0.000176684,  -0.0317839
 0.000176688,  -0.0321608
 0.000176692,  -0.0330402
 0.000176696,  -0.0339196
   0.0001767,  -0.0344221
 0.000176704,  -0.0353015
 0.000176708,  -0.0359296
 0.000176712,  -0.0369347
 0.000176716,  -0.0374372
  0.00017672,  -0.0380653
 0.000176724,  -0.0390704
 0.000176728,  -0.0394472
 0.000176732,  -0.0404523
 0.000176736,   -0.041206
  0.00017674,  -0.0417085
 0.000176744,  -0.0422111
 0.000176748,  -0.0428392
 0.000176752,  -0.0437186
 0.000176756,   -0.044598
  0.00017676,  -0.0447236
 0.000176764,  -0.0454774
 0.000176768,  -0.0462312
 0.000176772,  -0.0467337
 0.000176776,  -0.0474874
  0.00017678,  -0.0478643
 0.000176784,  -0.0482412
 0.000176788,   -0.048995
 0.000176792,  -0.0496231
 0.000176796,  -0.0503769
   0.0001768,  -0.0503769
 0.000176804,  -0.0511307
 0.000176808,  -0.0518844
 0.000176812,  -0.0521357
 0.000176816,  -0.0525126
  0.00017682,  -0.0531407
 0.000176824,  -0.0536432
 0.000176828,  -0.0538945
 0.000176832,  -0.0546482
 0.000176836,  -0.0550251
  0.00017684,  -0.0551508
 0.000176844,  -0.0557789
 0.000176848,   -0.056407
 0.000176852,  -0.0567839
 0.000176856,  -0.0569095
  0.00017686,  -0.0574121
 0.000176864,  -0.0580402
 0.000176868,  -0.0580402
 0.000176872,  -0.0586683
 0.000176876,  -0.0589196
  0.00017688,  -0.0591709
 0.000176884,  -0.0594221
 0.000176888,  -0.0600502
 0.000176892,  -0.0604271
 0.000176896,  -0.0604271
   0.0001769,  -0.0605528
 0.000176904,  -0.0613065
 0.000176908,  -0.0610553
 0.000176912,  -0.0615578
 0.000176916,  -0.0621859
  0.00017692,   -0.061809
 0.000176924,  -0.0621859
 0.000176928,  -0.0624372
 0.000176932,  -0.0629397
 0.000176936,  -0.0629397
  0.00017694,  -0.0625628
 0.000176944,  -0.0633166
 0.000176948,  -0.0634422
 0.000176952,  -0.0633166
 0.000176956,  -0.0635678
  0.00017696,  -0.0636935
 0.000176964,  -0.0640704
 0.000176968,  -0.0638191
 0.000176972,  -0.0639447
 0.000176976,   -0.064196
  0.00017698,   -0.064196
 0.000176984,  -0.0643216
 0.000176988,  -0.0644472
 0.000176992,   -0.064196
 0.000176996,  -0.0644472
    0.000177,  -0.0644472
 0.000177004,  -0.0643216
 0.000177008,  -0.0643216
 0.000177012,  -0.0644472
 0.000177016,  -0.0644472
  0.00017702,   -0.064196
 0.000177024,  -0.0643216
 0.000177028,  -0.0643216
 0.000177032,  -0.0640704
 0.000177036,  -0.0639447
  0.00017704,   -0.064196
 0.000177044,  -0.0638191
 0.000177048,  -0.0636935
 0.000177052,  -0.0638191
 0.000177056,  -0.0636935
  0.00017706,  -0.0633166
 0.000177064,  -0.0634422
 0.000177068,  -0.0630653
 0.000177072,  -0.0629397
 0.000177076,  -0.0629397
  0.00017708,  -0.0625628
 0.000177084,  -0.0624372
 0.000177088,  -0.0621859
 0.000177092,  -0.0620603
 0.000177096,  -0.0620603
   0.0001771,  -0.0613065
 0.000177104,  -0.0615578
 0.000177108,  -0.0610553
 0.000177112,  -0.0605528
 0.000177116,  -0.0606784
  0.00017712,  -0.0601759
 0.000177124,  -0.0600502
 0.000177128,  -0.0595477
 0.000177132,  -0.0591709
 0.000177136,  -0.0592965
  0.00017714,  -0.0585427
 0.000177144,  -0.0580402
 0.000177148,  -0.0581658
 0.000177152,  -0.0576633
 0.000177156,  -0.0572864
  0.00017716,  -0.0567839
 0.000177164,  -0.0566583
 0.000177168,  -0.0562814
 0.000177172,  -0.0551508
 0.000177176,   -0.055402
  0.00017718,  -0.0551508
 0.000177184,  -0.0540201
 0.000177188,  -0.0540201
 0.000177192,  -0.0536432
 0.000177196,   -0.053392
   0.0001772,  -0.0525126
 0.000177204,  -0.0521357
 0.000177208,  -0.0521357
 0.000177212,  -0.0511307
 0.000177216,  -0.0507538
  0.00017722,  -0.0505025
 0.000177224,  -0.0498744
 0.000177228,  -0.0492462
 0.000177232,  -0.0488693
 0.000177236,  -0.0483668
  0.00017724,  -0.0477387
 0.000177244,  -0.0471106
 0.000177248,  -0.0467337
 0.000177252,  -0.0463568
 0.000177256,  -0.0454774
  0.00017726,  -0.0449749
 0.000177264,   -0.044598
 0.000177268,  -0.0439698
 0.000177272,  -0.0432161
 0.000177276,  -0.0424623
  0.00017728,  -0.0423367
 0.000177284,  -0.0415829
 0.000177288,  -0.0408291
 0.000177292,   -0.040201
 0.000177296,  -0.0398241
   0.0001773,  -0.0390704
 0.000177304,  -0.0380653
 0.000177308,  -0.0379397
 0.000177312,  -0.0371859
 0.000177316,  -0.0364322
  0.00017732,  -0.0359296
 0.000177324,  -0.0350503
 0.000177328,  -0.0344221
 0.000177332,   -0.033794
 0.000177336,  -0.0331658
  0.00017734,  -0.0326633
 0.000177344,  -0.0316583
 0.000177348,  -0.0311558
 0.000177352,   -0.030402
 0.000177356,  -0.0297739
  0.00017736,  -0.0291457
 0.000177364,  -0.0282663
 0.000177368,  -0.0276382
 0.000177372,    -0.02701
 0.000177376,  -0.0262563
  0.00017738,  -0.0253769
 0.000177384,  -0.0246231
 0.000177388,  -0.0241206
 0.000177392,  -0.0233668
 0.000177396,  -0.0224874
   0.0001774,  -0.0219849
 0.000177404,  -0.0209799
 0.000177408,  -0.0203518
 0.000177412,   -0.019598
 0.000177416,  -0.0188442
  0.00017742,  -0.0183417
 0.000177424,  -0.0172111
 0.000177428,  -0.0164573
 0.000177432,  -0.0160804
 0.000177436,  -0.0150754
  0.00017744,  -0.0140704
 0.000177444,  -0.0135678
 0.000177448,  -0.0130653
 0.000177452,  -0.0119347
 0.000177456,  -0.0111809
  0.00017746,   -0.010804
 0.000177464, -0.00992462
 0.000177468, -0.00879397
 0.000177472, -0.00841709
 0.000177476, -0.00778894
  0.00017748, -0.00653266
 0.000177484, -0.00565327
 0.000177488, -0.00540201
 0.000177492, -0.00452261
 0.000177496, -0.00326633
   0.0001775, -0.00263819
 0.000177504, -0.00213568
 0.000177508, -0.00138191
 0.000177512,-0.000251256
 0.000177516, 0.000376884
  0.00017752,  0.00100503
 0.000177524,  0.00188442
 0.000177528,  0.00238693
 0.000177532,  0.00326633
 0.000177536,  0.00414573
  0.00017754,  0.00515075
 0.000177544,  0.00577889
 0.000177548,  0.00628141
 0.000177552,  0.00728643
 0.000177556,  0.00829146
  0.00017756,  0.00879397
 0.000177564,  0.00954774
 0.000177568,   0.0103015
 0.000177572,   0.0110553
 0.000177576,   0.0121859
  0.00017758,   0.0124372
 0.000177584,   0.0135678
 0.000177588,   0.0143216
 0.000177592,   0.0148241
 0.000177596,   0.0158291
   0.0001776,   0.0164573
 0.000177604,   0.0175879
 0.000177608,   0.0179648
 0.000177612,    0.018593
 0.000177616,   0.0199749
  0.00017762,   0.0201005
 0.000177624,   0.0211055
 0.000177628,   0.0219849
 0.000177632,   0.0226131
 0.000177636,   0.0234925
  0.00017764,    0.023995
 0.000177644,   0.0248744
 0.000177648,   0.0256281
 0.000177652,   0.0262563
 0.000177656,   0.0271357
  0.00017766,   0.0277638
 0.000177664,    0.028392
 0.000177668,   0.0295226
 0.000177672,   0.0298995
 0.000177676,   0.0306533
  0.00017768,    0.031407
 0.000177684,   0.0319095
 0.000177688,   0.0326633
 0.000177692,   0.0332915
 0.000177696,   0.0342965
   0.0001777,    0.034799
 0.000177704,   0.0353015
 0.000177708,   0.0361809
 0.000177712,   0.0366834
 0.000177716,   0.0374372
  0.00017772,    0.038191
 0.000177724,   0.0386935
 0.000177728,    0.039196
 0.000177732,   0.0400754
 0.000177736,   0.0409548
  0.00017774,   0.0413317
 0.000177744,   0.0419598
 0.000177748,   0.0427136
 0.000177752,   0.0434673
 0.000177756,   0.0440955
  0.00017776,    0.044598
 0.000177764,   0.0452261
 0.000177768,   0.0461055
 0.000177772,   0.0464824
 0.000177776,   0.0473618
  0.00017778,   0.0479899
 0.000177784,   0.0483668
 0.000177788,    0.048995
 0.000177792,   0.0494975
 0.000177796,   0.0503769
   0.0001778,   0.0507538
 0.000177804,   0.0511307
 0.000177808,     0.05201
 0.000177812,   0.0523869
 0.000177816,   0.0527638
  0.00017782,   0.0535176
 0.000177824,   0.0540201
 0.000177828,   0.0546482
 0.000177832,   0.0547739
 0.000177836,   0.0557789
  0.00017784,   0.0565327
 0.000177844,   0.0566583
 0.000177848,   0.0576633
 0.000177852,   0.0577889
 0.000177856,   0.0582915
  0.00017786,   0.0590452
 0.000177864,   0.0592965
 0.000177868,   0.0601759
 0.000177872,   0.0604271
 0.000177876,   0.0609296
  0.00017788,   0.0616834
 0.000177884,   0.0616834
 0.000177888,   0.0625628
 0.000177892,    0.063191
 0.000177896,    0.063191
   0.0001779,   0.0638191
 0.000177904,   0.0643216
 0.000177908,   0.0648241
 0.000177912,   0.0650754
 0.000177916,   0.0654523
  0.00017792,   0.0660804
 0.000177924,   0.0663317
 0.000177928,   0.0665829
 0.000177932,   0.0672111
 0.000177936,   0.0675879
  0.00017794,   0.0678392
 0.000177944,   0.0683417
 0.000177948,   0.0687186
 0.000177952,   0.0690955
 0.000177956,   0.0693467
  0.00017796,   0.0699749
 0.000177964,   0.0701005
 0.000177968,    0.070603
 0.000177972,   0.0709799
 0.000177976,   0.0712312
  0.00017798,    0.071608
 0.000177984,   0.0721105
 0.000177988,   0.0726131
 0.000177992,   0.0723618
 0.000177996,   0.0728643
    0.000178,   0.0736181
 0.000178004,   0.0736181
 0.000178008,   0.0738693
 0.000178012,   0.0741206
 0.000178016,   0.0744975
  0.00017802,   0.0746231
 0.000178024,   0.0751256
 0.000178028,   0.0758794
 0.000178032,   0.0756281
 0.000178036,   0.0758794
  0.00017804,   0.0765075
 0.000178044,   0.0767588
 0.000178048,   0.0768844
 0.000178052,   0.0772613
 0.000178056,   0.0773869
  0.00017806,   0.0777638
 0.000178064,   0.0778894
 0.000178068,    0.078392
 0.000178072,   0.0785176
 0.000178076,   0.0782663
  0.00017808,   0.0790201
 0.000178084,   0.0790201
 0.000178088,   0.0791457
 0.000178092,   0.0796482
 0.000178096,   0.0795226
   0.0001781,   0.0798995
 0.000178104,   0.0801508
 0.000178108,    0.080402
 0.000178112,   0.0802764
 0.000178116,   0.0802764
  0.00017812,   0.0807789
 0.000178124,   0.0809045
 0.000178128,   0.0809045
 0.000178132,   0.0811558
 0.000178136,    0.081407
  0.00017814,   0.0815327
 0.000178144,   0.0816583
 0.000178148,   0.0817839
 0.000178152,   0.0816583
 0.000178156,   0.0820352
  0.00017816,   0.0821608
 0.000178164,   0.0821608
 0.000178168,   0.0822864
 0.000178172,   0.0825377
 0.000178176,   0.0826633
  0.00017818,   0.0825377
 0.000178184,   0.0826633
 0.000178188,   0.0829146
 0.000178192,   0.0827889
 0.000178196,   0.0827889
   0.0001782,   0.0831658
 0.000178204,   0.0831658
 0.000178208,   0.0830402
 0.000178212,   0.0832915
 0.000178216,   0.0834171
  0.00017822,   0.0836683
 0.000178224,   0.0832915
 0.000178228,   0.0834171
 0.000178232,    0.083794
 0.000178236,   0.0836683
  0.00017824,    0.083794
 0.000178244,   0.0839196
 0.000178248,   0.0835427
 0.000178252,   0.0839196
 0.000178256,    0.083794
  0.00017826,   0.0839196
 0.000178264,    0.083794
 0.000178268,    0.083794
 0.000178272,   0.0841709
 0.000178276,    0.083794
  0.00017828,   0.0840452
 0.000178284,   0.0841709
 0.000178288,   0.0839196
 0.000178292,   0.0840452
 0.000178296,   0.0839196
   0.0001783,   0.0841709
 0.000178304,   0.0840452
 0.000178308,    0.083794
 0.000178312,   0.0842965
 0.000178316,   0.0841709
  0.00017832,    0.083794
 0.000178324,   0.0840452
 0.000178328,   0.0839196
 0.000178332,   0.0840452
 0.000178336,   0.0839196
  0.00017834,   0.0839196
 0.000178344,   0.0841709
 0.000178348,   0.0835427
 0.000178352,   0.0839196
 0.000178356,   0.0839196
  0.00017836,    0.083794
 0.000178364,    0.083794
 0.000178368,   0.0836683
 0.000178372,    0.083794
 0.000178376,   0.0835427
  0.00017838,   0.0835427
 0.000178384,   0.0835427
 0.000178388,   0.0834171
 0.000178392,   0.0835427
 0.000178396,   0.0832915
   0.0001784,   0.0830402
 0.000178404,   0.0831658
 0.000178408,   0.0832915
 0.000178412,   0.0830402
 0.000178416,   0.0827889
  0.00017842,   0.0830402
 0.000178424,   0.0830402
 0.000178428,   0.0825377
 0.000178432,   0.0827889
 0.000178436,   0.0829146
  0.00017844,   0.0825377
 0.000178444,   0.0824121
 0.000178448,   0.0824121
 0.000178452,   0.0824121
 0.000178456,   0.0821608
  0.00017846,   0.0821608
 0.000178464,   0.0822864
 0.000178468,   0.0819095
 0.000178472,   0.0820352
 0.000178476,   0.0820352
  0.00017848,   0.0817839
 0.000178484,   0.0817839
 0.000178488,    0.081407
 0.000178492,   0.0815327
 0.000178496,    0.081407
   0.0001785,   0.0812814
 0.000178504,    0.081407
 0.000178508,   0.0807789
 0.000178512,   0.0807789
 0.000178516,   0.0809045
  0.00017852,   0.0807789
 0.000178524,   0.0806533
 0.000178528,   0.0802764
 0.000178532,   0.0806533
 0.000178536,   0.0806533
  0.00017854,   0.0798995
 0.000178544,    0.080402
 0.000178548,   0.0801508
 0.000178552,   0.0797739
 0.000178556,   0.0798995
  0.00017856,   0.0797739
 0.000178564,   0.0796482
 0.000178568,   0.0795226
 0.000178572,    0.079397
 0.000178576,   0.0795226
  0.00017858,   0.0791457
 0.000178584,   0.0791457
 0.000178588,   0.0791457
 0.000178592,   0.0787688
 0.000178596,   0.0787688
   0.0001786,   0.0786432
 0.000178604,    0.078392
 0.000178608,   0.0785176
 0.000178612,   0.0781407
 0.000178616,   0.0780151
  0.00017862,   0.0778894
 0.000178624,   0.0778894
 0.000178628,   0.0776382
 0.000178632,   0.0775126
 0.000178636,   0.0775126
  0.00017864,   0.0772613
 0.000178644,   0.0770101
 0.000178648,   0.0771357
 0.000178652,   0.0771357
 0.000178656,   0.0767588
  0.00017866,   0.0767588
 0.000178664,   0.0766332
 0.000178668,   0.0763819
 0.000178672,   0.0762563
 0.000178676,    0.076005
  0.00017868,   0.0761307
 0.000178684,   0.0758794
 0.000178688,   0.0755025
 0.000178692,   0.0757538
 0.000178696,   0.0755025
   0.0001787,   0.0752513
 0.000178704,   0.0753769
 0.000178708,   0.0751256
 0.000178712,   0.0748744
 0.000178716,   0.0747487
  0.00017872,   0.0747487
 0.000178724,   0.0747487
 0.000178728,   0.0743719
 0.000178732,   0.0741206
 0.000178736,   0.0743719
  0.00017874,   0.0738693
 0.000178744,   0.0738693
 0.000178748,   0.0738693
 0.000178752,   0.0736181
 0.000178756,   0.0737437
  0.00017876,   0.0733668
 0.000178764,   0.0733668
 0.000178768,   0.0732412
 0.000178772,   0.0727387
 0.000178776,   0.0729899
  0.00017878,   0.0726131
 0.000178784,   0.0724874
 0.000178788,   0.0722362
 0.000178792,   0.0721105
 0.000178796,   0.0719849
   0.0001788,   0.0717337
 0.000178804,    0.071608
 0.000178808,    0.071608
 0.000178812,   0.0711055
 0.000178816,   0.0711055
  0.00017882,   0.0709799
 0.000178824,    0.070603
 0.000178828,    0.070603
 0.000178832,    0.070603
 0.000178836,   0.0704774
  0.00017884,   0.0699749
 0.000178844,   0.0699749
 0.000178848,   0.0701005
 0.000178852,   0.0697236
 0.000178856,    0.069598
  0.00017886,   0.0694724
 0.000178864,   0.0690955
 0.000178868,   0.0688442
 0.000178872,   0.0688442
 0.000178876,   0.0688442
  0.00017888,   0.0680905
 0.000178884,   0.0680905
 0.000178888,   0.0682161
 0.000178892,   0.0677136
 0.000178896,   0.0675879
   0.0001789,   0.0673367
 0.000178904,   0.0672111
 0.000178908,   0.0670854
 0.000178912,   0.0665829
 0.000178916,   0.0668342
  0.00017892,   0.0664573
 0.000178924,    0.066206
 0.000178928,   0.0659548
 0.000178932,   0.0657035
 0.000178936,   0.0659548
  0.00017894,   0.0654523
 0.000178944,   0.0648241
 0.000178948,    0.065201
 0.000178952,    0.065201
 0.000178956,   0.0645729
  0.00017896,   0.0643216
 0.000178964,   0.0643216
 0.000178968,    0.064196
 0.000178972,   0.0634422
 0.000178976,   0.0635678
  0.00017898,   0.0638191
 0.000178984,   0.0628141
 0.000178988,   0.0629397
 0.000178992,   0.0628141
 0.000178996,   0.0623116
    0.000179,   0.0623116
 0.000179004,   0.0619347
 0.000179008,   0.0619347
 0.000179012,   0.0613065
 0.000179016,   0.0611809
  0.00017902,   0.0613065
 0.000179024,   0.0606784
 0.000179028,   0.0605528
 0.000179032,   0.0603015
 0.000179036,   0.0599246
  0.00017904,   0.0596734
 0.000179044,   0.0594221
 0.000179048,   0.0591709
 0.000179052,    0.058794
 0.000179056,   0.0585427
  0.00017906,   0.0584171
 0.000179064,   0.0580402
 0.000179068,   0.0577889
 0.000179072,   0.0575377
 0.000179076,   0.0572864
  0.00017908,   0.0570352
 0.000179084,   0.0566583
 0.000179088,   0.0565327
 0.000179092,   0.0561558
 0.000179096,   0.0556533
   0.0001791,    0.055402
 0.000179104,   0.0552764
 0.000179108,   0.0550251
 0.000179112,    0.054397
 0.000179116,   0.0541457
  0.00017912,   0.0540201
 0.000179124,   0.0536432
 0.000179128,   0.0535176
 0.000179132,   0.0528894
 0.000179136,   0.0526382
  0.00017914,   0.0523869
 0.000179144,   0.0521357
 0.000179148,   0.0518844
 0.000179152,   0.0513819
 0.000179156,    0.051005
  0.00017916,   0.0508794
 0.000179164,   0.0503769
 0.000179168,   0.0502513
 0.000179172,   0.0498744
 0.000179176,   0.0494975
  0.00017918,   0.0491206
 0.000179184,   0.0486181
 0.000179188,   0.0482412
 0.000179192,   0.0479899
 0.000179196,   0.0473618
   0.0001792,   0.0471106
 0.000179204,    0.046608
 0.000179208,   0.0464824
 0.000179212,   0.0463568
 0.000179216,   0.0454774
  0.00017922,   0.0453518
 0.000179224,   0.0451005
 0.000179228,   0.0444724
 0.000179232,   0.0443467
 0.000179236,   0.0439698
  0.00017924,   0.0433417
 0.000179244,   0.0429648
 0.000179248,   0.0429648
 0.000179252,   0.0425879
 0.000179256,   0.0415829
  0.00017926,   0.0415829
 0.000179264,   0.0414573
 0.000179268,   0.0404523
 0.000179272,   0.0399497
 0.000179276,   0.0398241
  0.00017928,   0.0395729
 0.000179284,   0.0386935
 0.000179288,    0.038191
 0.000179292,   0.0383166
 0.000179296,   0.0374372
   0.0001793,   0.0370603
 0.000179304,    0.036809
 0.000179308,   0.0364322
 0.000179312,   0.0356784
 0.000179316,   0.0354271
  0.00017932,   0.0351759
 0.000179324,   0.0345477
 0.000179328,   0.0339196
 0.000179332,   0.0336683
 0.000179336,   0.0334171
  0.00017934,   0.0327889
 0.000179344,   0.0321608
 0.000179348,   0.0321608
 0.000179352,   0.0315327
 0.000179356,   0.0307789
  0.00017936,   0.0306533
 0.000179364,   0.0302764
 0.000179368,   0.0295226
 0.000179372,   0.0288945
 0.000179376,   0.0287688
  0.00017938,    0.028392
 0.000179384,   0.0273869
 0.000179388,   0.0268844
 0.000179392,   0.0267588
 0.000179396,   0.0258794
   0.0001794,   0.0256281
 0.000179404,       0.025
 0.000179408,   0.0243719
 0.000179412,    0.023995
 0.000179416,   0.0234925
  0.00017942,   0.0229899
 0.000179424,   0.0222362
 0.000179428,   0.0218593
 0.000179432,    0.021608
 0.000179436,   0.0207286
  0.00017944,   0.0204774
 0.000179444,   0.0201005
 0.000179448,   0.0190955
 0.000179452,   0.0190955
 0.000179456,   0.0187186
  0.00017946,   0.0179648
 0.000179464,   0.0173367
 0.000179468,   0.0169598
 0.000179472,   0.0165829
 0.000179476,   0.0155779
  0.00017948,   0.0153266
 0.000179484,    0.015201
 0.000179488,   0.0138191
 0.000179492,   0.0138191
 0.000179496,   0.0134422
   0.0001795,   0.0126884
 0.000179504,   0.0119347
 0.000179508,   0.0115578
 0.000179512,   0.0110553
 0.000179516,   0.0103015
  0.00017952,   0.0100503
 0.000179524,  0.00967337
 0.000179528,  0.00866834
 0.000179532,  0.00854271
 0.000179536,   0.0080402
  0.00017954,  0.00753769
 0.000179544,  0.00678392
 0.000179548,  0.00653266
 0.000179552,  0.00603015
 0.000179556,  0.00502513
  0.00017956,  0.00452261
 0.000179564,  0.00427136
 0.000179568,  0.00376884
 0.000179572,  0.00326633
 0.000179576,  0.00238693
  0.00017958,  0.00188442
 0.000179584,  0.00163317
 0.000179588, 0.000879397
 0.000179592, 0.000628141
 0.000179596,-0.000251256
   0.0001796,-0.000879397
 0.000179604, -0.00113065
 0.000179608, -0.00175879
 0.000179612, -0.00226131
 0.000179616, -0.00288945
  0.00017962, -0.00326633
 0.000179624, -0.00376884
 0.000179628, -0.00452261
 0.000179632, -0.00464824
 0.000179636, -0.00527638
  0.00017964, -0.00628141
 0.000179644, -0.00653266
 0.000179648, -0.00703518
 0.000179652, -0.00753769
 0.000179656,  -0.0080402
  0.00017966, -0.00866834
 0.000179664,  -0.0089196
 0.000179668, -0.00954774
 0.000179672,  -0.0101759
 0.000179676,  -0.0104271
  0.00017968,  -0.0113065
 0.000179684,  -0.0115578
 0.000179688,  -0.0121859
 0.000179692,  -0.0128141
 0.000179696,  -0.0130653
   0.0001797,  -0.0138191
 0.000179704,  -0.0143216
 0.000179708,  -0.0145729
 0.000179712,   -0.015201
 0.000179716,  -0.0157035
  0.00017972,   -0.016206
 0.000179724,  -0.0167085
 0.000179728,  -0.0172111
 0.000179732,  -0.0178392
 0.000179736,  -0.0179648
  0.00017974,   -0.018593
 0.000179744,  -0.0192211
 0.000179748,  -0.0193467
 0.000179752,  -0.0198492
 0.000179756,  -0.0203518
  0.00017976,  -0.0208543
 0.000179764,  -0.0211055
 0.000179768,  -0.0217337
 0.000179772,  -0.0222362
 0.000179776,  -0.0224874
  0.00017978,  -0.0232412
 0.000179784,  -0.0236181
 0.000179788,  -0.0241206
 0.000179792,  -0.0243719
 0.000179796,      -0.025
   0.0001798,  -0.0255025
 0.000179804,  -0.0255025
 0.000179808,  -0.0261307
 0.000179812,  -0.0265075
 0.000179816,  -0.0271357
  0.00017982,  -0.0272613
 0.000179824,  -0.0273869
 0.000179828,  -0.0282663
 0.000179832,  -0.0285176
 0.000179836,  -0.0286432
  0.00017984,  -0.0291457
 0.000179844,   -0.029397
 0.000179848,  -0.0297739
 0.000179852,  -0.0302764
 0.000179856,  -0.0306533
  0.00017986,  -0.0309045
 0.000179864,   -0.031407
 0.000179868,   -0.031407
 0.000179872,  -0.0321608
 0.000179876,  -0.0324121
  0.00017988,  -0.0326633
 0.000179884,  -0.0329146
 0.000179888,  -0.0332915
 0.000179892,  -0.0339196
 0.000179896,  -0.0339196
   0.0001799,  -0.0341709
 0.000179904,   -0.034799
 0.000179908,  -0.0349246
 0.000179912,  -0.0350503
 0.000179916,  -0.0355528
  0.00017992,  -0.0359296
 0.000179924,  -0.0360553
 0.000179928,  -0.0363065
 0.000179932,   -0.036809
 0.000179936,  -0.0370603
  0.00017994,  -0.0371859
 0.000179944,  -0.0374372
 0.000179948,  -0.0376884
 0.000179952,  -0.0380653
 0.000179956,   -0.038191
  0.00017996,  -0.0384422
 0.000179964,  -0.0386935
 0.000179968,  -0.0388191
 0.000179972,   -0.039196
 0.000179976,  -0.0394472
  0.00017998,  -0.0394472
 0.000179984,  -0.0395729
 0.000179988,  -0.0398241
 0.000179992,  -0.0400754
 0.000179996,   -0.040201
